30.12230062
31.39695061
32.44265668
30.48092947
31.03448667
32.48995472
31.17526829
32.81638666
31.38846001
30.72639639
30.72246658
30.72639141
31.38846067
29.97491878
30.21107607
29.77563372
31.32023108
31.66482152
31.78739623
29.8725255
32.11843162
33.55401584
32.56496221
32.83069724
32.91595328
31.09331107
30.96566366
29.2035921
29.31225329
30.98773227
31.6097337
31.57604075
30.92410814
30.95695045
31.61709199
31.61709199
30.95695045
29.28974224
29.28974224
30.67096583
32.23124983
31.6490286
31.00862242
29.19062173
29.79257502
30.69097227
31.71500585
32.16066577
31.00133758
29.20736158
29.81945372
32.2332876
33.92894165
31.71496571
31.71497255
31.3563278
29.68011774
31.36838925
31.65108622
30.95342945
29.53907895
31.22988907
31.2299038
29.10310446
30.35016297
31.98998731
30.579801
31.66422248
30.84681384
30.84681032
30.97960387
32.12019844
31.3681695
33.41756192
30.65776986
32.37239155
32.81517185
30.80234525
31.41212878
31.22043938
29.87308483
31.51213584
31.51214082
27.59671154
29.71579459
33.46239603
31.15310867
31.55175622
31.84993467
32.46568401
29.37432123
31.44660093
31.36860746
33.33196626
33.76663951
31.73179829
33.36447974
30.50619818
30.07330896
31.37296464
31.37296464
31.46559765
31.46559765
31.27712423
31.27712423
32.49011222
32.63847665
32.05803292
32.05803292
30.23390854
30.23390854
32.94362752
32.42819017
31.27722315
31.27722315
32.47033094
32.47033094
31.19111315
31.19111315
31.10020466
31.10020466
31.38789311
31.38789311
30.16772867
28.73293425
29.079934
30.98382182
32.14205413
29.32601486
32.17214446
29.60062662
31.60184401
29.01899188
28.91539942
31.72049535
31.72049535
28.91539942
31.27243518
29.1398699
29.13983687
30.71121484
27.73726167
30.92011935
30.99998597
30.9067205
31.34210779
31.42708065
32.30417825
31.72469542
29.43173211
29.15325363
32.57875443
32.42976794
29.07362239
31.56944582
28.63840235
32.6392232
32.72224879
33.68338091
31.68324441
30.89670536
30.60108173
29.29171082
31.25102425
32.50714562
29.91883353
29.55011108
31.01994661
32.05902376
31.1614404
30.01404365
28.96092185
31.93947783
31.22134137
31.22134137
31.93947783
31.22134137
31.93947783
31.22134137
31.93947783
31.22134137
31.22134137
32.27379937
31.63266961
29.75934778
31.53494761
30.16805542
30.16805542
32.23064276
32.05444613
32.37028561
32.03635324
31.10769987
33.17932612
30.65665922
32.861525
32.81259094
31.58012821
31.50949736
31.50949736
31.66455754
31.66455754
32.39408852
31.44789358
31.44488162
31.35177061
31.81831031
31.6304649
32.47462021
29.04613011
32.47815781
32.47815781
31.48989285
31.37052009
31.48989285
31.37052009
32.47815781
31.16797227
32.47815781
31.16797227
31.37052009
31.37052009
31.16797227
31.16797227
31.52688253
31.52688253
31.52688253
30.34708165
31.52688253
30.34708165
30.34708165
30.34708165
31.4317323
32.45986596
31.01231926
30.77999622
30.72613555
32.82993169
31.75998322
32.63479627
30.99083905
31.87008564
31.77102119
32.53057664
30.92615134
31.39131933
30.02711413
30.27623669
30.27623669
31.3270366
30.3246326
29.77759174
29.77759174
31.06588751
31.0993
32.62594102
31.16485867
31.37714108
31.70597812
32.62594102
31.70597812
31.16485867
31.0993
30.81615164
30.87646039
30.80462933
31.14560397
31.24397042
32.10515468
30.91465271
30.98182552
31.06245559
30.9377333
31.45653194
31.49187311
32.50398874
32.46518155
32.40768684
32.40686108
32.40686108
32.8946438
32.8946438
32.8942697
31.2195711
31.21944509
31.21944509
31.21944509
31.21944509
31.2195711
31.2033429
31.18833401
31.1624659
31.72307167
31.77295886
33.47140122
31.41914471
31.41910059
31.41883625
31.01756409
31.0199018
31.01888671
32.69979046
32.70089447
32.69971403
32.53569441
32.53529381
32.53622989
32.1658259
32.16587116
32.1669507
31.49686949
31.49746509
31.49678084
33.08705779
33.08902484
33.08627985
32.71501338
32.71506844
32.71469047
31.25649317
31.49263953
31.49263953
31.25649317
30.70985271
30.70985271
32.34451953
32.34451953
31.39770363
31.3421715
31.32270427
31.3056983
31.26085079
30.95372916
32.55628516
32.47642381
30.87940379
30.87201339
30.92471308
31.36428543
31.45412956
32.43907284
32.07620192
31.51291949
30.72384731
30.70603342
30.70603342
30.8412308
30.8412308
31.78753958
31.82851927
31.82851927
30.59325937
30.59325937
30.59325937
30.59325937
31.28309434
31.27469231
31.33575284
31.63137242
31.59354355
32.1777629
32.81892675
33.48102616
31.18999281
31.21738034
31.17283245
31.42849943
31.51258788
32.25391724
30.63518421
31.22916628
31.21556668
31.21556668
31.22916628
33.30880535
33.30880535
30.71492698
30.71760227
32.01545566
32.05906888
29.42165371
29.38679191
29.72283915
29.72283915
31.64330438
30.40831872
31.55601035
30.98581449
30.98581449
30.29897271
30.29897271
31.19506213
31.19506213
31.30317042
31.30317042
30.41122475
31.06842976
31.06842976
30.31904179
30.31904179
30.37910329
31.4350117
31.4350117
31.4974137
31.4974137
30.87826784
30.87826784
30.2595256
30.2595256
30.2595256
31.55448055
31.55448055
30.2595256
30.33256001
30.33256001
31.14750575
31.14750575
30.33256001
30.33256001
31.84241735
30.8831007
30.88366591
30.8831007
31.84241735
30.88381121
30.88381121
30.88366591
31.26574926
30.56966715
31.35332312
30.43850275
31.18129947
31.23874595
30.56202064
30.56269017
30.56269017
30.48025192
31.29887064
31.29887064
31.56371782
32.47497059
30.72149484
30.72149484
31.89081152
30.86582165
30.86582165
31.07469958
31.07469958
30.72337731
30.66737348
30.9577437
31.7261152
30.57537596
30.66625365
31.74337061
30.73680534
31.56602587
31.56602587
30.41095482
30.88972118
30.88972118
30.72654924
30.72654924
30.752678
30.18901895
31.46459094
30.18901895
31.46459094
30.18901895
30.18901895
32.48295081
31.50771163
31.50771163
31.1855487
31.18992827
31.1855487
32.48295081
31.50771163
31.1855487
31.18992827
31.1855487
31.50771163
31.29893891
31.09146928
32.23098176
32.23098176
32.23098176
32.23098176
31.09146928
31.29893891
31.09146928
31.29893891
31.29893891
31.09146928
32.40562236
31.49912408
30.50424914
31.47591697
31.03493323
31.01418478
31.01418478
31.78902484
31.78902484
33.7188523
35.70146036
34.02501387
32.396528
32.39605466
32.71227004
31.89068414
36.46570446
34.92403659
33.01519941
29.52265763
31.11833528
32.39975352
30.37743269
31.28712744
29.89679896
31.04064344
31.07359951
31.07359951
31.57493878
31.57493878
32.79303405
31.70799895
32.69491925
29.82443419
37.09989721
34.79030678
32.40185855
31.28013432
32.72780386
28.43721638
31.3542509
31.3542509
30.54888604
30.54888604
33.04692145
33.04693008
31.77384649
31.77385481
31.57124287
31.76323906
30.05466698
32.16314346
32.28514987
30.90638771
30.31430218
29.19983951
30.27800426
30.52771148
29.2594886
30.62144872
30.81027902
32.20302801
30.39784236
29.47247106
30.39784236
29.47247106
31.15708584
28.94391654
29.74797508
29.95548765
29.28467424
30.79357004
30.99424051
31.33799778
31.79214867
31.79214867
29.90332755
29.90332755
31.62926715
29.16892785
29.21023317
30.27132173
30.70595167
30.87403068
31.31027505
31.29771674
31.29771674
31.47867042
31.47867042
32.28773644
29.30976469
30.93184665
30.43434198
30.92353721
31.70067159
29.17154957
30.65011219
30.53158155
33.16460856
31.41448491
28.86604674
28.86604674
32.46890831
32.46890831
32.12856268
32.12856268
30.78051527
28.89178421
34.68968627
31.96788673
32.94257615
35.89898187
30.18784119
34.56211287
34.58760234
31.38962435
32.06878942
33.31715168
31.71304965
32.40955405
31.74679561
30.91402223
30.61879798
30.25743382
31.30155336
33.7145585
31.56243622
31.27799887
31.62583239
31.04752806
31.01522304
31.01522304
31.66658884
31.66658884
33.45062988
32.85742661
29.42646472
30.92169962
30.29690983
32.10731536
31.08266133
32.26063181
30.71754794
29.62172482
31.0451442
31.07020595
31.07020595
31.53069773
31.53069773
32.71785819
31.53154262
31.35514385
31.58327169
29.86109679
34.59696001
31.23620709
31.11372834
31.15788574
32.15667085
31.15952964
30.91089384
30.86908916
30.88145044
31.17578128
31.46435834
31.49559829
30.49977618
30.56125434
29.84343899
29.68968305
30.71204468
30.71204468
31.35846369
31.35846369
29.5370127
29.5370127
29.15493736
29.15493736
32.05137798
32.05137798
30.83344614
30.83344614
30.79441558
30.88316871
30.74282573
30.76424936
31.02970614
30.41680992
31.67500022
31.69049998
30.9819734
28.72208316
30.5572158
31.33331854
32.26304046
31.15097445
31.15097445
31.15097445
31.15097445
31.15097445
31.15097445
31.15097445
31.15097445
31.19270864
30.75711716
30.11929942
29.64960725
31.32597182
31.19622646
29.58517148
29.43036577
29.43036577
32.88015205
32.27460194
31.14104979
31.14104979
31.14104979
31.14104979
30.12509795
30.12509795
30.12509795
30.12509795
29.89881629
29.81255166
29.89881629
30.71494784
31.41119066
30.22255238
30.42305923
31.393578
30.45722733
29.78904464
31.53027235
29.92642345
29.92642345
30.77046332
30.77046332
30.21821524
30.21821524
30.56804271
30.56804271
31.46764956
30.42395105
30.65649688
30.75937411
30.75937411
30.74318932
30.74318932
30.74184625
30.74184625
30.71257027
30.60047598
30.66784682
30.68903409
31.12285657
31.12539983
32.02598277
31.4509063
31.4509063
31.49084179
31.49084179
31.34452244
31.34452244
30.77758318
31.38546359
31.60386633
31.49391357
31.95972596
31.98082498
31.94935214
31.64442724
31.64442724
30.29181936
30.29181936
30.29181936
30.29181936
30.67225558
30.6713335
30.67225558
30.6713335
30.67225558
30.67225558
30.5921465
30.59557769
30.62106347
31.16646068
31.06093116
32.06949585
31.90240314
30.59949889
30.59949889
30.37650085
30.37650085
30.45633039
31.28796291
31.28796291
30.59490632
30.59490632
30.58872719
30.58872719
30.56171898
30.52072847
31.07455028
32.46908257
31.27390326
30.57984543
30.73792196
30.91187268
30.91187268
31.02712698
31.02712698
31.85889041
30.93357671
30.74500966
30.74500966
30.82397461
30.82397461
30.80358015
30.80358015
30.78174782
31.45168054
31.45168054
31.45168054
31.45168054
31.45168054
31.45168054
31.45168054
31.45168054
31.9007127
30.37423538
30.37423538
30.90244581
30.90244581
30.45349662
30.45259451
30.40620148
30.40720481
30.35555655
31.52982539
30.2262329
30.25678023
30.32917632
30.34136534
31.07601285
30.2924983
30.22692843
31.03128113
31.09297706
32.6841124
30.42648772
30.63416016
30.73592625
30.77400579
31.64389451
30.14725614
30.14725614
30.32846681
30.32846681
31.71961825
31.06174325
31.06174325
30.40966132
30.40966132
30.35629829
29.89353863
29.89382732
29.89382732
30.43583549
31.34625863
29.41170339
29.41170339
31.99765485
29.95681131
29.95681131
31.33623419
31.28677104
29.439353
29.439353
30.2630853
30.13245104
30.13245104
31.1296474
32.44556877
29.8659881
29.8659881
31.86663512
31.2282572
30.35357834
30.35357834
31.92515079
32.56904982
31.59395756
33.52117242
32.41146315
31.30652842
30.32441246
31.32811133
29.20826042
29.35659219
30.62360918
30.47315877
31.04435916
30.80528265
30.81396198
30.83358005
30.77820535
29.37032232
29.37032232
30.47846948
30.47846948
30.82677623
30.82677623
30.84441647
30.84441647
30.84813075
30.84813075
31.13235463
31.13235463
31.34217242
31.34217242
30.92128609
30.92128953
32.20673325
32.2067346
31.13786188
31.13786011
32.89007509
30.34321073
30.06613678
30.35983538
32.89007509
30.34321073
30.06613678
30.35983538
30.58189705
33.200165
30.44665841
30.417375
33.19304799
30.37163928
30.55775824
30.51943944
32.09254316
32.09254316
30.68057883
30.68057883
32.99135576
32.99135452
30.67102239
32.05267343
30.24465062
29.64641891
30.31266404
34.35631912
34.35631912
36.5886039
35.09171676
37.20585119
35.84689484
34.20309368
32.63615884
33.4909806
31.81612155
33.65015915
33.65015915
35.55009577
33.86099986
32.17230854
28.49935412
30.36783967
30.36783967
30.34657317
30.98173793
30.8387054
29.09358674
30.79006001
30.79006001
29.09358674
31.59969879
31.59969879
29.04353216
29.04353216
30.91711675
30.91711675
30.40135942
30.40135942
29.55429615
29.55429615
31.53931858
31.53931858
32.33158025
31.84759325
29.03885376
28.99753213
30.82121227
30.44271822
30.31331827
30.83851042
30.83851042
29.26334554
29.26334554
29.66071692
29.66071692
31.34220219
31.34220219
30.6724543
29.31126658
30.6724543
29.31126658
29.6382352
29.39312236
31.04865049
31.015767
29.46753084
29.46753084
30.75707357
30.75707357
29.72649569
29.72649569
31.14237675
31.14237675
34.86614379
32.33911892
33.10466908
30.72894198
31.35649957
32.01228057
32.01228057
31.12622168
32.09420643
29.32097158
29.98540895
31.28144391
31.28144391
31.18943076
31.18943076
32.53161611
32.53161611
32.44762802
32.44762802
30.51200797
30.32636214
30.97317875
33.11662893
31.76185303
30.53227795
31.00851378
31.31857866
31.37503221
31.78575316
31.37502738
29.56600791
29.99678101
31.7857486
29.56600528
29.99677937
29.93062317
29.90775915
30.06648299
29.89812336
31.80670868
31.98786709
29.42917529
29.42917529
30.93868467
29.41146032
29.41145944
35.66284352
30.51402128
30.51402128
30.50304839
30.50304839
29.57855999
29.57855999
29.77901591
29.41863308
34.88843593
32.12049076
29.01742335
29.01742335
30.43073341
30.43073341
29.37456661
29.37456661
29.28390327
29.28390327
29.54607472
29.54607472
30.20997068
30.20997068
29.40134651
29.40134651
29.89146836
29.89146836
31.06163639
30.67242466
29.29156342
33.13026195
31.67697801
31.01768345
30.97941335
30.93810862
31.72607964
33.13025729
31.72606149
30.938091
30.97939833
31.01766459
31.67695009
30.67020389
30.79218349
31.97470951
32.04343879
30.98013354
31.08612337
30.50543767
31.2703189
29.55821671
31.20132341
30.75125501
29.69581543
29.31484806
29.31484806
30.58872346
30.58872346
31.09563578
31.09563578
32.06215196
30.07204528
30.07204528
32.06215196
30.17615665
30.07204528
30.07204528
31.7818893
32.28371107
30.67127805
33.12408911
33.12409053
33.95078631
33.95078709
32.24375385
32.24375385
30.64234999
30.64234999
31.42302155
32.3928499
30.21663322
29.18033104
32.36663257
31.09790808
28.96082877
31.18195321
31.48460316
32.10871746
32.52983442
32.52983442
31.02921877
31.02921877
31.30002543
32.08613778
30.37563062
30.45993124
31.4922578
31.63688053
31.06540176
30.25478478
29.40733218
30.43028818
31.45911691
31.44620719
30.82326268
29.12930719
30.63928457
31.53781678
32.09532668
30.22905133
30.22905133
31.2827638
31.2827638
31.34182782
31.34182782
29.22615896
30.9083343
31.36284919
30.68289826
31.14175564
30.67012348
30.99920175
30.99920175
29.32307396
29.32307396
28.59942722
30.06557763
30.39092445
31.4485981
29.09970911
33.04665965
31.3399539
29.88341012
33.16285914
31.364758
30.88255372
31.18064257
30.69010947
28.96613101
30.99782305
31.27045484
29.31110689
29.39555963
30.46327466
31.51270692
30.66171765
30.36499661
29.86164209
29.13073273
31.39316101
32.25542195
31.73414145
32.42469856
31.66676463
32.01031346
32.36244738
33.05120991
31.75518042
31.70785943
30.5721097
31.45457474
31.11236825
29.39908873
29.77564121
29.52674476
30.76974106
31.18633913
32.03880831
28.94588309
30.60472173
31.19983277
32.5446725
31.7057105
28.96259537
30.59836604
30.86860988
29.77918059
31.26005646
30.45129576
31.80292689
31.81280198
31.31939614
32.06607287
29.28884848
29.28884848
29.74520757
29.74520757
29.23250898
29.23250898
31.57324285
31.57324285
30.96226585
30.96226585
31.01199838
31.30451147
29.31814769
29.34199544
30.84673643
30.45521765
30.8681985
32.37371086
31.72530416
31.41649654
30.81175786
28.85378669
29.08885375
30.99704393
30.73829458
31.2136833
29.12699898
30.38922118
30.26489329
29.3142663
31.00694086
31.29822355
30.82678205
30.51634318
29.33105399
30.90162426
30.90162426
32.10606564
32.10606564
31.18475524
31.18475524
31.00838244
30.74893152
31.22273591
29.26990713
30.42294943
30.37806168
30.67493582
30.69338341
31.21412255
30.66166804
31.82355619
28.81362495
29.32804704
28.93629515
28.93629515
29.76989265
29.76989265
29.81012721
33.51979605
29.52560803
31.07409791
29.15174716
30.48001689
29.28594159
30.2241935
31.38430541
31.45916528
30.02059727
30.02059727
30.4276561
33.0663925
30.87700416
31.19150004
30.04679807
30.04679807
31.35362472
31.41711215
30.5554107
30.0105024
30.28649911
29.07862017
31.21612716
31.47042714
31.46654008
31.37518504
31.84194408
31.6429204
32.48594362
29.1237985
30.42472467
29.38317335
29.38317335
30.64996676
30.64996676
31.11299225
31.67196041
30.2676899
29.12097739
31.67289658
29.22557285
29.09022041
30.71886891
30.59872946
30.4504818
30.74839067
31.67886236
30.99297437
30.45366348
29.09206669
30.75215595
30.39649594
29.3327152
31.67981583
29.26893104
29.09052484
30.74722574
30.39870332
30.97308414
30.44651024
31.65199958
29.44326208
29.0853747
30.33721768
30.44184414
31.61739899
29.15977591
29.07694686
30.43379359
29.41352126
30.31687871
31.30207342
31.28867318
31.28867318
31.46014319
31.46014319
32.25658076
29.42890579
30.54047354
29.46210009
30.71389338
30.23779364
30.52965836
31.5461977
30.42150308
31.55855888
31.55855888
29.0750946
29.0750946
30.71516526
30.71516526
30.74614178
30.74614178
29.88763426
29.88763665
32.8903238
32.89032423
30.92626041
30.92626041
32.53928231
32.53928231
30.47809811
28.78633011
33.159565
30.65178406
29.00699493
30.3297859
30.78313224
29.22109679
28.14068606
29.85030827
29.06954913
30.75987857
29.41676324
28.87521671
30.42007449
30.59992121
29.00751391
29.66630126
31.35097445
31.71923867
30.8344671
29.22570124
28.90821386
30.31636836
32.89829786
31.4748444
31.4748444
32.08413054
32.08414028
31.45196723
31.45198362
30.32800463
32.4097243
32.40973003
32.04495457
32.04496862
34.03681334
31.54891471
30.12125973
32.14088245
31.55808195
33.24578918
32.7484555
32.13451536
33.70076259
33.80811051
31.70239152
31.54675516
33.90331798
31.89807458
31.32483416
29.0731189
30.7524579
32.03298304
31.73487303
31.18022087
31.10276558
31.10276558
31.31750406
31.31750406
32.32663581
30.02071246
29.07947374
30.98202564
30.22859112
28.5471779
28.49673515
31.16685169
30.42092004
31.43512654
31.2284686
30.0882434
29.54428994
31.32769018
31.32769018
31.69776342
31.69776342
32.50687474
29.7877605
30.56482877
30.56482877
29.54651639
29.54651639
30.80748269
31.08158318
30.54769463
32.08488167
31.07023972
31.47208853
31.47208853
31.25146264
31.25146264
30.05572219
29.75480392
29.79045688
32.30525598
32.59871318
32.50613579
32.54200197
32.56659947
32.36964594
31.16399465
31.6560645
32.6421286
30.92427328
30.39207025
31.38796626
31.46565115
32.48689757
31.25986906
30.92573762
32.13447796
30.56822008
31.98709876
30.98186993
31.68177489
30.48572119
30.411837
31.37834105
31.26645109
31.26645109
32.7114301
31.61663413
31.31332654
31.32130649
31.27092085
31.55338159
32.62186718
32.62186718
31.55338159
31.27092085
31.32130649
31.31332654
31.61663413
31.32737927
29.20577828
29.3395298
30.62200202
30.40241058
31.04156248
30.79100659
30.32982696
29.32479971
30.31572685
30.4513514
30.9348869
30.73969702
30.77081025
29.36856951
29.36856951
30.47621471
30.47621471
30.82419276
30.82419276
30.83757545
31.47168871
32.35303068
31.12053059
31.16240909
31.0951198
30.00783265
34.57159498
34.57128381
34.57128381
34.57128381
34.57128381
34.57159498
34.14653445
34.14593712
34.14593712
34.14593712
34.14593712
34.14653445
36.95727845
36.95727845
32.43345529
32.43280646
32.43280646
32.43280646
32.43280646
32.43345529
33.96259365
33.96259365
33.03739202
30.28851857
30.11673698
30.11673698
32.38566739
32.38519099
32.38519099
32.38519099
32.38519099
32.38566739
29.98137128
29.98198916
29.98198916
29.98198916
29.98198916
29.98137128
30.32708997
29.31378746
30.31302152
30.38315958
30.9327538
30.74957137
32.20431695
29.34094023
30.83774557
30.39946198
31.01933733
30.78505656
30.53660064
29.51937407
30.70841231
30.88482525
30.61433222
29.38615392
31.70937691
29.31208582
30.68462142
30.37848206
30.93570136
30.72235038
31.45750135
31.45759898
31.87991241
31.88001817
30.54050645
30.54071284
31.79799352
32.52926271
31.26299302
32.57897904
31.001455
30.95473176
29.10058534
32.7590902
31.70919007
32.40833408
31.52115938
31.65715529
32.40833408
31.52115938
31.65715529
30.00638722
29.88899979
32.40440683
32.48834376
31.68400609
31.68400903
30.80144986
31.00931935
33.81838773
31.47947112
33.77309594
31.60693762
31.34947547
31.7498291
31.4151011
31.4151011
31.35373012
31.35373012
32.24319429
32.24319429
30.44763754
30.44763754
30.29249876
32.56918153
32.56924175
32.56764835
32.56924175
32.56764835
32.56918153
32.03876994
32.20423685
31.89291306
30.9011935
30.83952277
30.88350352
30.96113532
32.08213242
31.32343486
29.74291797
29.74353124
29.74353124
31.59677136
29.13709745
29.85169315
29.53138742
31.15818555
31.51087254
30.61121969
29.81644567
29.48979234
31.06329828
31.48209154
31.2881411
31.26207816
31.26207816
31.53395714
31.53395714
32.41686618
29.97948091
29.97948091
31.08196938
31.58378286
31.15676306
31.15676969
30.50706188
30.50702398
31.013858
30.8679724
30.4461345
32.10267787
30.28438757
30.03965529
33.62424708
32.34866325
34.02899857
31.91220139
32.72296601
32.09471895
30.83604593
30.17047033
29.32952066
31.62775069
29.17268497
29.7006819
29.70121907
30.97968761
31.17186653
31.39375636
30.67546658
29.67483184
29.67483184
30.94656714
31.08990389
31.36983023
31.20411413
31.1991564
31.2201201
31.55813495
31.55108197
32.52406209
30.6150664
32.15941966
29.70692776
31.64213103
29.1895249
29.52269492
29.72086389
31.61580315
30.68477301
29.46796928
29.64906186
31.54908813
31.65693997
29.65279302
29.36413556
31.70879248
29.53738119
29.53738119
31.29682251
31.29063245
31.27492189
31.47504075
31.59750996
32.4639557
29.83091949
29.83091949
31.68567238
31.66991496
30.30116013
30.30116013
31.71135436
29.82642368
29.82642368
31.42784297
32.26599012
32.32229698
31.11975968
31.38272612
31.14935031
30.96012367
30.97714193
31.1374926
31.27738978
31.57392306
31.93194384
29.04899888
30.78646529
32.89200048
33.31205383
29.78526592
30.85716323
31.18312378
30.68281933
30.51694889
30.43539157
31.64222636
32.57600749
31.42487049
31.69410019
29.64905223
29.76784397
31.48368142
32.53052605
31.08832373
30.89974884
30.89608648
30.68569592
31.44903371
31.58438569
31.58952204
31.76459341
32.11044726
32.3795122
29.37813451
30.85705887
31.66695639
31.66695639
32.47642062
33.61970683
33.61970683
30.85143194
31.54604784
31.54604784
32.21931578
33.33960244
33.33960244
30.99946639
31.29038896
31.29038896
31.46028452
32.24110226
32.24110226
30.83826087
31.42729386
31.00044918
31.66946109
32.46349059
31.87244655
31.37221046
31.45776801
31.50464745
31.56644813
32.05934682
32.0647668
29.41449844
29.41798054
31.81281918
31.81281918
29.92431761
29.92431761
33.03380925
31.5630338
31.97086229
31.62972742
31.62911103
31.63090403
32.10824496
32.10901364
32.10878333
29.46105842
29.46343908
29.46306193
29.72337437
30.28903253
32.41638609
32.02009632
27.89924066
30.42614474
33.66572904
29.38008221
29.87550834
31.29436357
29.21346157
28.92558824
31.98532167
32.54965743
31.34358187
31.54694263
30.05165431
28.85506778
29.97032154
31.19018053
29.38013417
29.39839271
30.64073199
29.10670534
34.3589707
34.2397838
32.0382677
28.86185178
31.43740775
31.35211208
31.34492455
28.74425647
29.71533837
32.09079189
30.14600731
30.37397527
30.14600731
29.02782866
32.73101754
31.60310708
30.89937874
31.11910467
32.68384138
32.2166002
29.03552173
31.60797751
31.60268864
31.54362693
31.42103932
32.61331095
32.25307113
32.18089502
28.86373203
29.09213635
31.03418957
31.09129482
31.0624353
31.11936625
32.14242224
32.21296682
31.79693007
28.81826637
34.60830564
29.95967382
31.190195
32.1648553
28.84414404
29.28583119
32.54211611
32.38845195
31.85346284
28.76069432
31.58604314
29.12928739
29.09508168
28.91138021
30.94925504
30.9365428
30.99917372
31.43463896
31.49794048
32.46559514
32.02550758
29.00561586
31.93629146
30.03415636
30.03415636
31.38894537
29.1123014
30.58881658
28.94052776
31.65646545
29.32731692
29.12008644
30.73600286
30.39562335
30.98167512
30.74370961
29.47763562
29.53580823
28.96957703
31.65925648
29.35494212
29.12118396
30.73924108
30.45459857
30.98305588
30.8068632
30.76874003
30.76704277
31.65725199
29.26206312
29.11966723
30.7355703
30.38995785
30.96106527
31.60914176
28.64306585
31.6290577
29.41757356
29.1068722
30.32151916
29.15086037
29.37597661
31.58015583
31.80268637
31.00888384
30.67054703
31.98762604
30.66733759
28.99317232
34.98003585
32.20233463
31.41370615
30.65894888
28.79737136
29.14964251
30.66832803
30.68233244
30.68233244
31.04365836
31.04365836
31.85307764
29.81300323
31.94970766
30.65733361
30.88459184
30.75010383
31.10489857
31.06790958
31.92187064
29.07872936
30.3904943
30.39048196
30.76529688
30.76528183
31.63555877
29.67323929
31.60433544
30.09562585
30.09562585
31.24311387
29.20105994
29.5395391
30.46051097
31.52078987
30.23476359
30.23476359
31.8869115
30.01253584
30.51146536
30.27825004
31.61968725
29.87556642
29.87556642
29.05299166
32.04581034
31.12852779
29.71389589
29.2510636
30.6349134
29.55310333
29.33726403
30.96047393
30.04529402
29.55195007
30.60023272
30.91443137
29.11744209
29.24494565
32.98965882
29.10267233
31.92379596
30.77741988
30.77641652
30.77641652
31.43312724
31.43312724
32.84522007
29.60948757
29.88909708
33.07651206
31.29219999
31.30461161
31.23955417
31.87858778
31.91242351
33.51533316
30.13813999
31.2050442
32.69058215
29.46189891
31.61297091
31.61297091
31.06053985
31.06053985
31.03577953
29.62107543
31.88207486
30.964213
29.64007718
30.24905692
31.31387
32.48606726
28.59917562
33.6715996
28.90050354
32.84734066
30.86931977
30.86931977
30.95353314
30.95353314
30.81496853
33.69161014
32.80067983
31.55097337
29.14658347
31.50695178
31.19735329
31.33189396
31.42542105
32.05922434
31.4764343
29.08540001
30.32464589
31.14739876
30.79709659
30.22120061
32.50164635
29.97213411
30.9467374
31.35775995
31.85204342
29.21807544
29.2598039
31.67158947
31.67158947
29.03254549
29.03254549
31.16585173
31.92964104
30.94106787
29.32639139
29.32639139
30.44854659
30.44854659
30.94415727
30.94415727
31.11475833
31.11475833
30.02265039
31.34309102
31.33029406
31.1085379
32.08003267
29.1080785
33.00269959
32.59197641
31.77700126
29.77182086
32.23031132
29.77182086
32.23031132
30.92930383
30.30464207
32.34804909
29.09579218
31.65439245
31.61638627
31.58025656
31.96627152
31.75012957
32.52490734
29.099708
30.48070959
32.27283621
32.27284053
31.91789669
31.91790888
33.05943017
32.02993469
31.1636894
31.95258026
30.72171388
32.51575719
32.64788721
30.67484893
30.52022633
31.04790762
30.98931498
31.46673681
32.15852517
32.15743392
32.11002082
29.71625556
29.52177807
30.88996027
32.20414772
31.20180395
30.82709774
29.89353954
30.70747402
30.50985736
29.33922081
31.55987538
29.69462891
29.33788482
29.70975265
31.47344878
31.44830575
31.47092763
32.08771863
31.89039868
32.7269475
29.75488381
31.40081446
33.37122624
31.96204824
29.4008186
28.90744052
32.31980055
29.67447389
28.97933541
31.64695949
31.57205341
31.60689338
31.73943234
31.95252383
32.49735051
29.16346714
29.54588808
31.1876985
29.54838196
29.67656154
30.06968757
29.09364253
29.62927184
29.5146419
29.74242008
30.25943636
30.51916009
30.54632388
32.4475119
32.64139467
28.8364303
31.51839237
31.26488793
31.03360647
32.6180316
29.42711996
31.25425995
31.32058611
30.96456
32.52273982
29.06456566
29.6041316
29.68530145
32.46834016
32.94402266
31.71242709
31.70805467
29.23563033
30.67984335
30.36139683
30.91381849
31.42491788
31.35414216
31.35522963
31.64208165
31.64928556
32.82413239
31.49819178
29.4158331
29.44453426
31.6235501
29.16496134
29.0723726
30.32588628
30.85237058
30.663262
29.02381206
30.28099789
30.75812786
31.0006844
30.89034953
31.67060639
32.56632905
29.67844955
30.88737782
30.6256265
31.04413752
32.20542181
29.71504488
32.75782933
29.29890711
29.33265091
32.41308337
29.32627501
29.32627501
32.08040477
31.03559048
32.16342501
32.83678604
32.43628055
30.66155426
31.3394847
31.23295744
29.76505921
31.26843725
32.30993146
28.53967555
31.48651461
31.79493189
29.40521562
31.65647088
31.63662603
31.63662603
32.03713927
32.03713927
32.6733205
29.49598223
29.49598223
31.26627741
29.20828556
28.90670006
32.98590751
29.56307784
28.71973475
32.60839752
29.4517312
29.28770693
31.5966164
31.50657514
31.20218954
31.27807867
32.6663927
31.88925467
32.46636486
29.29372826
29.53289488
29.44761395
32.27664479
29.96711341
30.3458912
29.77130156
29.65855184
31.16029106
31.71406145
30.68297532
33.15279488
32.13391607
32.0887402
31.05844716
31.25884274
31.22793235
31.29421378
31.45192692
31.43676144
31.71675702
31.6824697
31.61637925
32.68530637
32.77616654
32.42413216
31.12668146
31.18508789
31.26359784
31.33294541
31.56166695
31.54255482
31.53534701
32.60155557
32.66754604
32.36508638
31.3861526
31.35759071
31.53135237
31.5610571
31.47621513
31.51987946
31.80436011
32.65646743
32.72260769
32.32964649
31.27550675
31.23893216
31.44891155
31.41823435
31.3986913
31.38456148
31.74112671
32.58892662
32.60327283
32.26791014
32.5141832
31.36467557
31.36467557
31.17402048
31.17402048
31.36467557
31.17402048
31.17402048
31.36467557
32.5141832
30.66369288
30.66750971
30.66750971
31.23578341
31.23578341
32.34662141
29.11936835
29.97495221
28.58322791
30.43299113
31.17249847
30.46740707
30.76971606
30.81265447
30.85224185
30.81371772
30.80581139
29.35860214
29.35748316
30.46822867
30.81453809
30.82554113
30.81956292
30.79788279
30.76006986
30.82577706
30.64039662
29.36960238
29.36960238
30.47702454
30.47702454
30.82498483
30.82498483
30.84206933
30.84206933
30.84632055
30.99563226
31.6965052
31.6965052
30.82317435
30.82317435
30.82317435
30.82317435
31.14549167
31.68416992
31.68416992
31.48561658
31.48561658
31.48561658
31.48561658
31.35703094
31.39078919
30.47479503
30.65695468
30.71568408
30.64526634
30.70958619
31.49487441
31.46881747
31.51719396
31.57348337
32.26061452
32.28619655
29.80873407
30.91000573
30.91000573
31.60003201
31.60003201
33.80514652
33.80514652
32.43029987
31.2280057
31.08590892
31.08590892
31.2280057
32.43029987
33.25471701
32.52679588
31.64375236
31.58569077
31.67143861
31.72191824
32.33310976
32.47433731
29.72805184
31.38068681
31.38068681
31.50460522
31.50460522
32.14342056
32.14342056
29.63869156
29.63869156
30.52590186
30.83520095
30.83520095
31.80841549
30.76950703
30.70372397
30.76950703
31.80841549
31.32710701
29.20726705
29.3388643
30.62288549
30.46479304
31.0439819
30.75546303
30.80936126
30.33013938
29.34545201
30.31542541
30.44907049
30.93594089
30.80312048
30.77480694
30.7593416
29.36538636
30.47540187
30.81813496
30.83559284
30.820954
30.82920507
30.99815331
30.74146133
30.53915658
29.52074954
30.72476499
31.02938632
31.02938669
30.7247681
30.53915657
29.52075257
30.43302183
31.17450133
29.35037041
30.76718411
30.46140885
30.84959161
30.79454106
30.79961245
31.90031218
32.31963275
29.32523351
30.50561208
30.43926289
30.73764537
30.74436799
30.72032593
32.56187313
30.29301553
31.51604802
30.9703939
32.18865635
32.18865635
31.52487406
31.52487406
31.78050335
32.28972275
32.83692052
31.87190872
31.2963642
31.40559623
30.8108201
30.98974266
32.81833289
29.57385857
29.72406844
29.96868938
29.96868938
29.571703
29.47519511
29.47519511
30.65662702
30.54347553
30.17829931
31.41389756
32.39151671
32.68504179
31.60230472
31.33796234
32.09213488
31.39197056
31.69724063
31.21239237
31.20948617
31.85239095
31.85216505
31.87319972
33.77965522
29.25375264
31.45079507
31.45079507
31.88839004
31.88839004
32.23844524
33.66485312
31.53072583
31.41683622
31.55956945
31.61324992
32.09928104
32.36848464
29.43923858
32.06732947
30.87657094
30.43507041
31.45169125
31.12925172
30.43507041
30.87657094
31.49850494
31.49850494
31.49850494
31.49850494
33.32620378
33.32620378
32.25632462
32.25632462
31.18857376
31.18857376
31.18857376
31.18857376
31.27739839
31.29735214
31.17955607
31.15949935
32.2418862
31.94903208
31.15266977
31.78528258
31.67639342
31.99641326
31.78518795
32.49572359
32.65111709
29.20228206
31.19066413
32.27550785
31.27681656
31.32777936
32.15797943
31.42472376
31.42059998
28.77254458
31.16272565
31.16272565
31.49080405
31.49080405
31.91755561
32.58899464
31.60990774
31.60534543
31.69870894
31.69758792
32.19247187
32.43867856
29.52702592
31.47233248
31.47233248
31.44019178
31.44019178
32.05597641
32.05597641
29.41316714
29.41316714
31.36292744
31.64384738
31.11716176
28.56795984
29.52166278
32.08248446
32.04737641
32.04738088
30.22731956
30.22732876
31.12312067
30.38627021
31.25465484
31.51575322
30.06095809
32.44124821
32.48934441
32.26918635
31.2918922
32.26918635
32.48934441
34.91595319
34.33453444
30.93117771
31.34187245
31.39180764
30.93117771
31.34187245
31.39180764
32.6666529
32.6666529
30.32619418
29.24114225
30.30839881
30.39000871
30.91084822
30.83177924
32.20202101
30.99960927
30.43156734
29.27256641
29.35445878
30.44984593
30.80680832
30.99503452
30.73928817
29.36698206
29.36698206
30.47176099
30.47176099
30.80186875
30.87670494
30.87670494
29.50681322
29.50681322
29.93103503
31.17349821
29.10540955
29.78192222
30.20347309
30.36586726
29.88141801
31.62991463
29.1702754
29.27877652
30.37548635
30.64441765
30.73163143
30.88169279
31.31061113
31.29824806
31.29824806
31.47911794
31.47911794
32.28792259
29.34163725
30.93721522
30.43509155
30.94339431
30.78927863
31.88120237
32.30536774
29.15240824
30.47263371
30.3353277
32.45233868
33.2122067
33.2122067
32.45233868
34.3335322
34.33353175
34.07776184
34.07776124
34.457985
34.45798637
34.43157024
34.43157275
34.37515226
34.37515269
34.09192592
34.09192283
34.3949649
34.36452962
34.36452962
34.08988053
34.08988053
34.28631196
34.03873806
34.03873806
32.4344049
32.4344049
31.34747155
31.34747155
32.4344049
30.88202358
32.4344049
30.88202358
31.34747155
31.34747155
30.88202358
30.88202358
31.40840609
31.37127184
31.30601591
31.50285318
31.5693136
32.31310057
31.06346949
31.03602038
31.02650968
31.34517807
31.62252143
32.61243606
30.51660769
32.34931397
32.4612763
31.25657532
31.25657532
31.00727379
31.00727379
31.02492813
31.43160957
31.63042251
32.47312388
31.19903207
32.34100425
31.35679834
31.14822739
31.17075521
31.20134114
31.52510069
31.62268971
31.574944
31.55762084
31.78457985
32.07738777
32.65940252
33.03123372
31.54834555
30.81388128
30.80563432
30.81229489
31.55090091
33.03123372
31.54834555
30.81388128
30.80563432
30.81229489
31.55090091
34.12769944
32.04186346
31.25368456
32.04186346
31.25368456
30.87663023
30.73089876
30.73089876
30.87663023
30.99917213
30.98409679
31.5573794
31.73977522
31.07530606
31.07523096
31.07523096
31.07530606
30.72816543
30.80144144
30.80144144
30.94801942
30.94801942
31.58895628
32.71018762
30.58439882
30.09562634
30.09678688
32.28432022
31.53611644
31.15281828
31.13334423
31.13385983
31.39479987
31.39590253
32.47275072
28.7551884
30.32630856
30.55346934
29.58152569
31.90198642
32.32477174
31.08029719
33.21487061
32.29184165
30.20856865
33.18972284
32.35119994
29.94119491
32.99828959
32.25937295
29.93023441
31.95177545
31.80356715
29.82130699
31.25779552
31.85424253
30.20700507
32.36497985
31.45461169
31.45461169
30.28720306
29.3644687
29.90041296
32.12207784
30.40806293
29.52765204
30.97308751
31.39571357
32.14384306
32.40937718
31.83524461
33.22208804
30.09682072
29.33962612
29.33962612
30.26179983
30.03496949
29.8262236
31.08469241
28.62334963
29.28167344
29.14921388
30.27593703
31.84073391
30.38088065
32.41633402
31.66966682
30.98647022
30.77869878
30.38763522
30.41280894
30.84821619
29.1951654
32.16754887
31.86666988
30.22577616
30.79945318
30.87197099
29.48771785
31.67994675
29.22959721
29.0813679
30.72200525
30.60259553
30.3336675
30.86113499
30.26236454
30.6807402
29.46660899
31.65993925
29.446459
29.07868594
30.34074934
30.32776426
30.85683388
31.30649831
31.29425031
31.29425031
31.47467847
31.47467847
32.28435366
29.29563652
30.91342151
30.56543604
30.42713217
30.3777256
30.81462016
30.89617943
31.9256484
29.38538253
31.09768024
30.59860294
30.70740928
31.85292236
29.73968318
29.20853298
30.86822801
29.80533852
31.87961789
32.05382601
28.73566161
32.27678553
31.91751406
30.5776684
31.99621385
30.06264554
30.97127215
30.53202317
30.51771676
31.0917848
32.17984928
31.98925346
30.82005676
30.82005676
30.82005676
30.82005676
32.68112787
30.44883597
30.44883597
30.44883597
32.68112787
30.44883597
30.31077309
30.31077309
30.94300342
30.94300342
31.46093792
31.60653395
31.47304338
32.1489647
32.59441228
31.54382639
32.11820824
31.21354466
33.27306781
33.60372231
30.51087127
30.75862582
30.89180215
31.28705192
31.7836147
30.67857829
31.29016782
30.3300776
30.44213291
30.75562243
30.89302425
31.47547508
30.81536464
30.94354589
30.96793954
30.91826157
31.82264435
30.55073886
31.17255769
30.51398978
30.51398978
30.78111541
30.78111541
31.50243765
31.28541804
30.82362525
31.28541804
30.82362525
30.76990904
30.95085264
31.21642688
31.21642688
32.65607592
31.83534795
29.98303965
30.29408541
30.29408541
31.9852372
32.08457666
32.08457666
31.54716399
31.54716399
32.43132744
30.33566765
29.9710263
29.81708672
30.0186699
30.0186699
29.92711212
29.92711212
32.09989841
30.457597
30.457597
30.70703156
30.70703156
33.57795528
31.94995214
31.74733767
31.75049716
31.3128327
31.3128327
31.41598469
31.3128327
31.3128327
31.41598469
30.66163472
32.50386808
31.23528283
31.3730623
31.04306149
32.07503865
30.78526296
30.84861887
31.01850481
32.70714998
31.47919554
31.19548663
30.81437506
30.99891857
32.33574067
31.00631961
31.05322407
31.25755638
30.66300984
31.10552449
30.94817115
31.46954359
30.65967079
31.42903428
31.01550223
32.11425103
32.61224544
30.86659466
30.86659466
31.32944166
31.32944166
30.78304034
30.78304034
32.49588928
32.49588928
31.08870387
31.08945969
31.08945969
30.87118175
30.87223426
30.87223426
31.8598904
30.40751709
30.40751709
32.88922873
32.88922873
30.6737611
30.73336065
31.57605689
31.12991538
33.52894789
32.5134118
29.5504667
33.00477989
29.51791364
31.17457104
29.42688603
33.27772962
32.23897079
31.6141448
31.40686663
30.51279746
28.08177074
31.88791471
30.83788523
31.08757104
33.03211004
33.2963216
30.20939302
30.88963546
30.8891618
30.94699564
31.41352934
31.80365295
32.77893586
33.11215962
30.23915505
32.05615865
29.6377319
30.99000796
30.94024388
31.02113738
31.68940963
31.56519757
32.99195548
29.99539416
32.37868124
32.04920956
32.11186816
29.34901947
30.87472081
32.05985367
31.28168432
31.25641649
31.26340126
31.58929698
31.48498304
32.56259097
29.62676163
29.88127632
30.88574062
31.93598115
31.432531
32.59261393
30.71692713
33.26955036
31.66880928
31.66880928
31.66880928
31.66880928
31.20817943
31.20817943
31.20817943
31.20817943
31.89041469
30.03967782
30.03967782
30.03967782
30.03967782
31.16027761
31.16971405
31.15806263
31.40642649
31.46414962
32.43068778
30.31549323
31.43217764
32.12634189
30.7318861
30.72915263
32.11069931
29.25467372
29.25467372
30.68130913
30.68130913
32.5534354
30.33949712
33.32294864
31.49614925
34.02359225
32.12021494
31.7648914
32.77763103
31.32608747
31.32608747
31.32608747
31.32608747
30.48590395
30.48590395
30.48590395
30.48590395
30.19208152
33.03765241
30.291412
30.19207882
29.76182196
31.18590721
31.18590721
30.45799085
30.45799085
30.45799085
30.45799085
31.4849319
31.4849319
31.29174647
31.27894069
31.31168928
31.68244322
31.68436175
32.69637661
30.27875377
30.27875377
30.31806526
32.82699978
32.82774069
32.25669046
30.26768802
30.36238788
30.73997068
30.26768802
30.2264489
30.73997068
32.9582619
30.10082205
30.27063542
30.3074225
37.42263198
35.34439941
35.34439941
36.99297556
30.62711859
30.62711859
30.53518135
30.53518135
30.53518135
30.53518135
31.08282463
30.53611539
30.53611539
30.53611539
30.53611539
30.85042318
30.85814164
32.01016483
31.96319384
31.26526358
32.37759018
32.25986553
31.00179353
31.67227169
31.44121771
30.44854305
32.78331943
32.78331943
32.78331943
32.78331943
32.4910151
32.4910151
33.44858371
30.05518579
31.34607294
32.49628078
30.59333962
30.9426873
30.61209767
30.59775438
30.59775438
30.82594038
30.82594038
33.26260281
30.74362898
30.40906764
30.56009884
31.14691835
30.70461187
30.88374707
30.88374707
31.53995112
31.53995112
29.88841071
31.61487624
31.72179297
31.46978436
30.882549
30.19617198
30.19617198
30.472703
30.472703
32.44846537
30.44963706
30.183415
30.18194149
30.10287819
31.34981302
30.57295591
30.57295591
31.34981302
33.14067566
33.13922066
30.52334972
30.52159036
30.52223009
30.52031331
30.52032867
30.52031393
33.91559814
30.07733015
30.07021943
32.07217032
30.22275321
32.23147485
30.25245025
32.23147485
30.22275321
32.07217032
30.07021943
30.07733015
32.55275181
33.03216643
31.87551166
29.04089928
31.95004424
29.66244629
30.89896238
34.18332471
31.86110707
31.75129925
32.06501133
32.27858455
30.0418981
30.22196963
30.5316572
30.92290215
30.92290215
30.29923682
30.66676519
30.66676519
32.01607213
29.35229229
32.93796816
29.77080282
29.77080282
33.84470976
32.93242627
31.47317798
31.04037587
30.95251027
30.94283414
31.89271221
30.8602472
31.90719197
32.66155204
31.75766536
32.70630388
33.60609063
31.27695674
30.88328891
30.47994723
30.32432152
30.96848294
30.86719826
30.14834975
30.14834975
30.61608299
30.61608299
30.91214814
30.91214814
31.62899576
31.62899576
31.69774652
31.69774652
32.39457558
32.39457558
35.94260017
34.3945893
34.08705053
31.75147584
32.61615543
31.90920041
29.75626611
32.23528107
31.8884762
29.60662965
30.39813348
32.0284744
31.31411999
31.30036094
31.30017932
31.40290349
31.40142788
32.0097552
29.36693947
31.56548145
31.56548145
30.48957903
30.48957903
29.58066106
29.58066106
30.70015309
30.70015309
31.30506204
31.41919668
29.65772337
29.5424103
30.94176283
30.34012615
31.19110112
28.67683751
31.16167475
31.95975219
31.99330712
30.97075025
32.19048812
32.19701495
30.89858445
29.8803474
29.88297272
29.15170924
29.15170924
30.83860054
30.83860054
32.05136562
32.05136562
30.68927181
30.68927181
31.08170986
31.08170986
32.37981716
32.37981716
31.08170986
30.68927181
30.68927181
31.08170986
31.82935273
31.82935593
32.33544774
32.33547449
37.31281584
36.70941496
35.267718
35.76035782
32.39026381
33.08344936
34.87680212
36.34253812
34.76366187
32.55578505
32.55578505
30.9104762
30.55165507
30.72059427
30.55165507
30.72059427
30.63040447
31.37806199
30.42365892
30.70455171
31.49644023
31.49644023
30.42365892
31.37806199
29.65171786
29.65172472
29.65112873
31.2404411
31.23997125
31.23946778
33.08669077
30.66203948
33.55971928
32.29733366
32.6060576
31.40700553
33.66196815
33.34889957
31.80186775
33.5858817
30.85233747
30.86763238
30.86538604
31.52410434
31.55493879
32.98529857
33.64000019
33.89261943
31.16360371
31.11998028
31.16492025
31.7075687
31.72334772
33.09154399
29.7708062
29.77092827
29.7252325
33.67170539
30.03093264
30.03131785
30.03131785
31.79450125
31.7955128
31.7955128
29.88390302
29.88278905
29.88278905
32.65932473
29.76463792
29.39231641
29.3923172
29.53035645
30.44094934
30.44074265
30.44037022
34.59072516
30.07086393
30.08632548
32.07418656
32.22306536
30.21373367
32.07418656
30.21373367
30.08632548
30.07086393
32.23282102
32.22940504
32.22940504
30.10357279
30.10357279
30.10345531
30.10345531
30.10357279
30.10357279
31.71575193
32.54791766
31.32213545
32.62779569
31.21711085
32.40138383
32.84668427
31.58392866
31.50738864
31.51047869
31.44976455
31.78771465
31.55558901
31.50003965
31.56688913
32.6119384
32.30538673
32.52714043
31.34629523
32.22979105
31.32845733
29.20798129
29.36431059
30.62361795
30.46864354
31.04488237
30.82236886
30.81457105
30.82363967
30.77874695
30.83809525
32.1897219
31.11083129
31.10444977
32.73203091
32.68623769
28.98405755
30.31723875
32.82917124
31.89309599
32.6787473
31.8308514
29.71044495
30.00202806
29.07233617
31.84676966
31.21095084
30.23703839
31.25753216
31.25753216
30.60120365
30.60120365
29.69627377
31.53440299
32.97700812
31.46953172
30.78154803
30.77643899
30.78526602
31.52909123
32.24228933
31.02761862
29.46221006
31.09229282
32.36202384
31.65028091
29.4108599
29.77959574
29.08975129
32.4867268
32.4867268
31.15142028
31.15142028
31.54052262
32.20798889
30.22601772
31.06150133
31.61596591
31.59212747
30.42908139
30.26292761
29.39834273
30.44348205
31.50073273
32.19503304
31.34420627
31.34420627
31.34553053
31.34553053
30.19670375
30.19670375
29.28066105
30.9065641
31.35881742
30.69623096
31.12125504
30.64583121
31.02507488
31.02507488
29.32807072
29.32807072
31.43144706
30.3627332
30.09387333
28.81597037
29.61449916
29.88199735
32.96124259
31.24319781
32.2608267
30.26103184
31.41483429
31.39387217
31.02266016
31.30384957
29.32273798
29.38067793
30.47259617
31.44647287
30.39821114
30.46653426
30.1288982
29.0080833
31.89129365
30.232449
32.0203412
31.93311418
29.50115469
30.74690821
29.80060746
29.45134713
32.05589067
31.20583493
31.47663928
32.41817893
31.15906237
30.61417967
29.23259999
28.9711602
28.9711602
29.53715564
29.53715564
29.33411962
31.03316051
31.33368876
30.83924764
30.50551499
29.32268767
30.9218374
30.9218374
32.40175723
32.40175723
31.26281301
31.26281301
31.92195652
31.96053251
31.84868894
31.84907356
31.3489348
31.73779873
31.81985543
32.33070569
29.60104818
30.13733399
31.25000257
32.14893813
32.15640879
31.11954555
32.83984562
31.62487812
31.41264864
31.81989149
31.29395894
30.68127788
30.99413493
31.47603874
30.77618977
31.18019817
32.2081657
30.67997142
31.9528001
33.75600848
30.70417235
31.92474694
30.11088238
31.66485939
31.4143741
31.79009615
31.88709489
30.05098925
30.05098851
31.61173849
31.71512246
29.1611875
30.28369843
31.16212117
31.59887292
29.32099552
30.43089293
30.76767158
30.72194103
30.68298706
31.19159775
31.60980672
29.29136224
30.40860878
30.69878503
30.67592507
31.18899194
31.60669455
32.23017093
29.70606417
33.36364521
29.33414308
30.45185083
30.78399043
30.78773103
30.72345975
30.68374023
31.18878248
31.61323922
29.25340516
30.33297035
30.65527927
31.18016127
31.60856371
29.06032089
30.7678939
31.56960607
29.3299545
30.454693
30.97429888
30.73546068
29.27694492
30.37234322
30.79782254
30.63076311
30.95116734
32.3152761
29.8066883
31.39788329
30.40887832
31.13231215
29.32069254
30.37067745
29.28419122
29.28419122
30.41040669
30.41040669
30.89202188
30.89202188
31.02478611
31.02478611
29.14382947
30.25942785
30.95507286
31.14529606
31.20211025
31.04015201
30.29672413
29.13458405
31.84613841
32.25610734
29.12976522
30.0607283
30.59029377
32.9497196
31.70141776
31.27256637
30.47830518
31.88742712
31.94786724
30.81713387
30.74704774
29.33995335
33.00563614
32.42641518
29.68727138
33.46464759
30.59648709
34.04901885
29.89416467
31.56386478
31.62901317
32.13497044
30.036157
29.00538154
31.61915101
30.79948304
31.46995916
31.44726973
31.29803137
29.2669412
30.46374411
31.14223095
31.11351079
31.28623689
31.76179504
32.36562412
33.40063542
29.96228739
32.68386398
30.84893497
31.508457
29.6938233
31.01852992
31.63894881
32.10673658
33.23541381
30.73833086
30.06201387
32.42758067
31.59043642
30.05136166
33.18245331
29.16586383
30.27873472
31.06228697
31.39722334
29.32398991
30.41439522
30.77970353
31.15339793
30.93260886
31.1943737
33.43102144
31.67653243
31.01780416
31.26747591
31.26293178
31.02919167
31.05245949
31.86848498
32.91015311
32.46676492
29.27817716
30.42254007
31.13250473
30.92671005
31.19374472
29.60427831
30.52189832
31.16521372
31.51599021
31.62054614
31.27244673
32.85512753
32.02286984
29.67826188
32.38876354
29.19436123
31.58988807
31.02446488
30.126824
31.04442968
30.226463
29.98131357
31.21602959
31.73348881
30.5658088
30.58088007
30.6030735
31.0203008
31.20025399
32.05246564
29.35151763
29.36446456
30.4762402
30.81993927
30.83920616
30.83089316
30.83105841
30.78552836
30.78608386
30.96742578
30.64294902
33.04406544
31.21244488
29.17662855
32.15732527
29.68977209
29.36380047
29.29494854
30.44427617
31.09713012
31.17061925
29.33171478
29.34635242
29.93789938
30.69596998
30.80171416
32.20153547
29.38597414
30.65308386
31.00142646
30.52363139
29.24856234
29.89045712
31.44838948
32.1631016
31.76074913
29.01193673
31.37190187
31.36803822
31.51569966
31.55522172
32.21054273
32.37596575
29.69468027
29.51218548
30.73802286
31.45762545
31.44094355
31.51581046
31.51428175
32.04970303
32.29853395
29.41314145
29.46067289
30.57625716
31.1931554
31.21244413
31.21968026
31.4041106
31.60078957
31.43147178
31.41678292
32.56200662
32.64578747
32.33600109
29.52314694
30.74725544
29.16114939
29.55214279
30.74558144
31.05564761
31.42497809
29.04278111
29.38135725
30.62570068
30.68466462
31.0874434
29.35665055
30.47081777
30.81239113
30.83652887
30.81164036
30.87002334
30.72039854
29.34562655
30.45608196
30.79660692
30.79375239
30.7593013
30.82577937
30.63968992
30.43228359
31.1734022
29.34246758
30.76944067
30.44391675
30.84654962
30.78279731
31.89684238
32.3187823
29.30387205
30.50369485
30.38560974
30.73605574
30.70046723
29.35289973
30.46120308
30.8161077
30.80666916
30.86800998
30.71905216
29.33269985
30.44325345
30.77436171
30.7546488
30.82439374
30.63910891
30.42973177
31.1719385
29.31868022
30.76413301
30.42929977
30.82704125
31.89455362
32.31649655
29.23802626
30.49823161
30.33636536
30.71164735
31.22908654
29.49898005
32.45076668
31.22678633
32.77943999
31.47153958
32.19393751
30.66121055
31.20932909
31.83909559
31.25409845
31.19931716
31.32583777
31.69912755
32.27526738
32.55101357
32.11804301
30.43973418
30.40309258
32.89835337
33.51128218
30.82457097
30.82596834
32.06907051
32.10588546
31.54866976
30.00915837
30.05435612
32.92566664
29.96672029
31.47801693
31.40676056
31.53339765
31.64456166
32.04299244
32.50540256
29.41335418
29.85796984
29.85793074
31.71074537
31.73011839
32.37573219
28.76320831
29.3193692
31.00790149
29.27582017
30.39979929
29.40685918
31.01427566
30.89477805
32.05611856
29.54556679
28.9126471
29.23478368
29.40279705
30.52752829
30.99821114
32.13939894
31.33508025
31.68789353
28.46741432
32.15289602
32.15289602
31.76646942
31.76646942
28.72467562
28.25876446
30.70463074
30.75859911
30.75547698
31.02745883
31.37859219
32.03234155
32.44526646
29.79105521
30.75578657
30.89009397
31.31942239
31.50788365
31.64046563
32.41489172
29.04583112
29.65110952
32.89681743
31.49628355
31.00902146
31.71096123
29.1193749
31.00902146
31.49628355
29.74324793
31.57052496
33.02469998
31.52924456
31.02092419
31.70742276
29.11945507
31.0075695
31.59148752
31.42293891
32.07408785
30.65030967
30.86645155
30.60522752
30.60164701
29.69440877
33.24497356
30.36306184
31.53077799
30.89829935
30.67618115
30.83270983
31.34348947
31.86864269
31.18732253
29.4520132
30.62162889
30.38784287
30.47592752
30.34945585
31.08613488
30.4680984
28.80322055
29.65658519
29.93311631
31.87841706
31.19246621
31.22392571
31.22933707
31.40039463
31.56494323
31.43905658
31.37734579
32.56657444
32.60779057
32.12394972
29.62742029
31.03188555
31.03188555
31.5159247
31.5159247
30.05777851
30.69546617
30.75200062
30.75200062
31.11770002
31.11770002
30.10420389
33.06397798
29.91423974
30.03704283
32.73034248
29.61802471
30.19229121
29.1176546
30.27816884
31.01074636
31.08528678
29.48896052
29.48275498
31.0524629
30.60474769
29.02940092
29.25303189
30.39413303
30.26916953
31.72103235
31.19868492
29.05689431
30.15611826
30.67702844
30.56037385
29.1921875
30.26680197
30.54034513
30.70457189
30.56569852
32.12522153
30.86755685
29.63307256
28.87116726
30.25501936
30.52245593
31.78393165
30.99884925
30.98504982
30.770344
31.36993406
34.11706527
30.16351332
29.22035279
30.12420083
29.8071396
31.85237758
29.35240371
30.46379723
30.80718087
30.81497878
30.79754205
30.75949803
30.82514107
30.64013288
31.40084919
31.48708808
31.22750927
31.09734951
32.36084402
31.8021426
31.79708493
29.19910037
29.48237407
31.51777924
31.15068863
30.71557353
30.37543133
29.29209985
29.31458755
30.4199797
30.73536741
30.82205284
30.63815146
30.42284656
31.16400694
29.29096044
30.74417415
30.46656226
31.082498
31.15573265
31.05970895
31.50688622
31.68580386
32.51839768
31.87132367
29.40306122
29.31391994
30.49967526
30.69635943
29.19280469
30.77414326
31.46835811
29.21460249
30.43991274
30.61211057
29.24965983
29.24965983
30.52532452
30.52532452
31.00390339
31.00390339
29.227891
29.227891
30.84057707
30.84057707
31.72812275
31.72812275
29.36004802
30.43748801
31.00802983
31.2035841
30.75040486
29.09107118
28.30926618
31.20712549
32.8777526
32.57322872
30.59670551
30.48696604
31.11194406
31.86103127
31.53723051
29.56678733
32.19108339
30.05919038
30.07202826
30.71841687
30.44675078
29.64087393
33.81714326
31.38980569
31.65748019
30.37153003
30.606027
30.91476171
29.64463991
31.47003414
31.47002442
29.64463766
31.64770561
31.74608911
29.02472788
29.09587518
29.61495971
32.24640938
34.83945329
30.38905423
31.77423371
34.75682245
29.86983697
34.20818502
34.36189962
33.503255
29.13474707
29.74467312
35.72682024
34.69861316
30.12668993
33.30850752
30.79945181
34.49613612
33.56786835
29.90762731
31.45808112
30.34770906
30.86296388
31.59711287
30.29491883
32.91273695
32.06027172
32.09423279
29.28803651
31.5535877
32.2226384
30.45463079
31.89613376
31.46421356
31.49855888
30.14711671
29.40597528
29.40597528
32.39085974
30.01102001
32.23752253
33.0585614
29.17173926
29.17173926
32.22753067
30.47386089
30.47386089
29.7882674
29.7882674
30.31189723
30.31189723
32.68504837
32.51830821
32.7860359
29.76105727
33.53261479
32.2796436
32.8601502
30.18918905
31.482292
30.84839174
30.84839174
30.06998054
30.88654697
33.58520785
33.58520785
30.88745526
30.88745526
35.92433575
31.26072179
30.15181517
32.21036052
35.93488545
30.89879669
35.55884651
29.96657849
31.92417537
35.58390128
29.63215972
29.48706522
29.69447948
33.88914512
34.05947999
29.433028
33.216886
29.32671072
30.6999227
33.35164433
30.35217605
29.79686177
29.52973035
29.54587224
33.26648556
33.28245574
34.0217627
33.38641262
30.6682213
29.27248496
29.58372734
29.75841467
29.721244
31.9860487
33.6146577
35.97244539
35.5200433
32.14111618
33.78196193
32.30047731
31.31981205
32.46137676
32.2395519
29.32991764
29.82356892
30.20241452
30.0731795
30.96524669
32.25950136
32.25950136
35.85628942
35.85628942
30.77433372
31.9680677
31.9680677
35.55986449
35.55986449
33.21103601
32.24624593
33.89260544
32.42965723
31.21958762
30.1809743
32.70414218
33.94983426
33.94983426
31.04057922
31.73821516
31.73821516
30.55885458
32.09955882
30.50359278
31.26511222
32.3921148
32.05681426
32.19425064
31.46017255
32.55060493
30.8298957
31.29365857
32.38328184
32.72439074
32.72438902
30.32047298
31.63545036
30.86518966
29.18296621
29.51135694
31.15545338
31.01436481
32.03884537
32.52351123
31.1433099
31.34705432
31.22190385
29.85421463
31.92959165
32.01227323
32.01227323
32.36637471
31.58035436
31.65729883
35.24127055
35.24127055
33.76341826
31.45913303
31.01411648
31.24953678
32.00896759
32.89866219
31.29220782
29.59195728
31.47721585
31.47721585
33.241974
31.80153075
30.23551503
31.75531349
32.5646828
33.09238189
33.09237846
32.22632302
32.22631616
31.20320491
29.93233629
31.73881037
31.76811958
32.57709062
30.38882885
31.62362358
31.53190417
30.6525053
29.55181438
31.14860523
31.22956851
29.35904107
29.35904107
30.63873565
30.63873565
31.06926064
31.06926064
32.51676876
32.43084907
32.05884002
31.251616
30.76607074
30.59738749
30.12710751
30.12710751
32.22260483
30.92914754
30.88511054
30.19736509
30.19736389
30.02141645
30.0214175
29.36119809
29.36119809
31.06206005
31.06206005
29.69574164
29.69574164
31.14724825
31.14724825
31.52232032
31.52232032
32.47731421
32.47731421
30.24144403
30.24144403
31.47075384
31.47075384
30.29881634
30.56378653
29.49153455
29.49153455
31.24925133
31.24925133
32.27786816
30.8400958
30.32651751
31.22841769
31.41618122
31.04110254
32.82444823
30.8402743
31.21698198
30.9887585
30.97834617
32.76118025
31.76524646
31.76324137
31.3856529
31.53796444
31.77654123
31.64890504
31.14241238
32.23136347
31.97279741
32.21044633
32.15408365
30.95124982
30.65729388
30.61594453
31.07126993
30.76715041
30.86732397
32.07483679
31.37544037
29.9994527
30.58728629
31.19191068
30.29753014
29.57111894
31.06953057
31.71605453
30.23771262
31.34123373
30.22280692
30.22280692
30.46851648
30.73773819
31.20587617
30.91881572
32.25644143
31.35944863
31.49421097
34.55326133
31.75467805
31.51991078
31.85091957
31.41646368
31.09235425
31.35156435
31.36398325
31.52504767
32.04682979
33.085245
31.42257297
31.43429946
31.0518802
31.29778867
33.09955305
32.89471342
31.70012535
30.78131922
30.30077732
30.3618449
30.77049587
31.92439116
31.09364135
32.93973291
32.60667107
32.47211669
31.79204379
30.42900991
29.85983085
30.42900991
31.46422894
30.49302423
33.06097064
32.13883173
32.13883173
31.00074284
31.21730444
32.36453739
32.58043864
32.36453739
31.21730444
31.43926762
31.59287369
31.5735299
32.19689158
32.21362745
32.23129902
29.66741042
29.71400634
29.83148416
30.2818186
30.2818186
30.0171043
32.33530195
31.12452795
31.12452795
32.33530195
32.50531635
32.50531635
31.39586832
31.39586832
31.51341712
31.51341712
32.3770224
32.3770224
30.76509042
30.76509042
30.5160901
30.5160901
29.870104
29.870104
30.32422852
30.34620781
30.34620781
30.95044654
31.27171075
31.2936351
30.57452076
30.77155673
30.80746301
30.69876018
30.59830871
31.01499765
30.39061701
31.56444167
31.7943293
30.92341643
30.24639541
30.42694465
32.25236597
30.9903093
34.91664288
31.55402235
31.5611451
31.62169231
32.10440201
32.18706565
32.17615658
29.45795308
29.6788566
29.6726065
30.52010085
30.52010085
31.49287557
30.08854063
31.36826895
31.36827253
31.49288114
30.08854377
32.31157625
31.26828656
32.31157625
32.31157625
31.26828656
32.31157625
30.89365968
30.89365968
30.46748001
30.46748001
30.50825289
30.50825289
32.3946123
31.83680025
31.86258314
31.28913519
31.28913519
31.96673262
31.51556125
31.32547837
35.89318173
33.37220326
31.36549134
30.93273192
30.93273192
31.36549134
33.37220326
30.18789872
30.18789872
31.29003269
31.29003269
29.65317326
31.6386097
31.34939538
30.93423396
31.39969259
31.39969259
31.19361843
31.19361843
30.60341418
30.60341418
31.32921094
31.32921094
31.21509802
31.21509802
30.56450176
31.31399614
30.80463654
30.80463654
30.40279895
29.77071706
32.22628243
31.62689536
31.83951636
33.269898
31.60946705
31.18365653
31.00448313
31.51199844
31.51199844
33.61848493
30.74453117
30.74453117
29.62848049
29.62848049
34.16127807
31.96269394
31.10942306
31.30985532
31.30985532
31.10942306
31.96269394
31.06130267
31.06130267
32.83282512
31.02736559
30.74178083
32.21750064
30.39461362
31.24805477
31.28196692
31.45592274
31.60530739
31.61340681
31.52052222
32.60232939
32.63631964
32.00857649
32.14419993
29.40761064
29.6536556
32.04643553
31.52582686
32.04643553
30.84826725
30.23041455
30.84826725
31.10105466
30.71387544
30.71387544
30.49129654
29.86790821
29.86790821
32.5731548
29.35508482
29.35508482
30.22729358
30.17302992
30.59562131
36.13837729
31.04083737
30.64004875
31.04083737
36.08414878
31.06205617
31.06205617
35.89417686
31.92774565
31.92774565
33.98419841
33.49451906
30.01182282
32.10411561
31.08316002
32.52274318
28.44972384
31.2421784
30.74665689
30.63979459
30.66169561
31.46808001
31.39547808
31.39547808
30.5438644
31.05955738
31.00163198
31.43981292
32.02869315
31.58204409
29.29016948
34.2153039
31.74384066
31.45140331
32.9975914
33.19235756
31.66558036
32.04701792
32.78662982
33.35084055
35.27967975
29.98669074
30.74563015
32.6213138
32.6213138
32.42660237
31.65449218
30.48981404
30.48981404
34.841042
34.841042
30.91789095
30.91789095
30.79291328
30.79316595
30.79316595
32.17098804
31.44872039
31.44872039
32.17011205
32.17011205
31.44814068
30.9384769
30.9384043
30.9384043
32.60513206
32.60502593
32.60502593
30.56545182
30.56545182
30.90405793
30.90405793
31.41938604
31.41938604
31.05242337
31.05242337
30.53063582
30.53063582
31.15489886
31.15489886
31.15489886
31.15489886
31.06933398
31.07079299
31.07082874
31.06933398
31.07079299
31.07082874
31.25880891
31.25880891
31.13170864
31.13170864
31.05627197
31.05627197
31.05627197
31.05627197
31.84945393
31.84945393
29.80560818
29.80560818
31.23739044
31.23739044
31.58953882
31.58953882
31.41518121
31.41518121
32.64111838
32.64111838
32.16371315
32.16371315
29.6685582
29.6685582
31.52434166
32.89825863
32.89825863
31.15220896
31.15220896
31.15220896
31.15220896
29.93460495
29.93460495
31.48610128
31.48610128
31.48610128
31.48610128
30.02846925
30.02846925
30.73587211
30.73587211
30.73587211
30.73587211
31.7573924
31.7573924
31.7573924
31.7573924
31.94935178
32.3106385
32.31063857
31.94935206
30.6302539
30.6302538
31.16769947
30.61226307
30.61226312
31.16769936
30.35794022
30.35794022
31.19777413
31.19777413
30.69229794
31.04322729
31.1304216
31.10412359
31.02510683
32.05347364
31.490779
29.25231546
31.77695383
32.4325087
31.83454399
32.24370071
28.89203438
30.38491393
30.459525
30.452076
30.452076
31.32552792
31.32552792
30.65080945
30.65080945
31.45316467
31.45316467
31.37757723
31.37757723
31.58901422
31.58901422
32.58957515
32.58957515
32.008689
32.008689
29.40179792
29.40179792
31.75733335
30.78456617
31.46679007
31.36929169
32.22007168
33.02885109
31.00938753
31.52028613
31.42465828
32.04586565
31.12369066
31.38726675
31.39691131
31.38395385
32.49428427
32.28842749
30.45607351
31.21643986
30.94922008
31.30892563
31.4016815
31.61969069
31.61498011
31.5519924
31.52026669
31.75116494
31.13363268
32.82760565
32.44802196
31.17770355
30.10078782
31.11803431
32.20487028
31.42402677
31.69930249
31.36594812
31.52551406
31.89601709
30.9714177
31.16563834
30.18966176
30.48491049
33.42602512
32.69391294
31.68405308
31.97373581
33.37744607
32.04648554
31.2036251
31.41064044
33.0962131
32.96689549
31.89868908
30.31368231
30.57471612
32.1467902
32.35875545
32.42347289
32.03492973
32.01596998
32.46189384
32.4661026
30.46655253
32.36205262
31.956395
31.53017383
32.45338943
31.45305316
32.32064957
32.06468648
31.53176129
32.95406581
30.77466672
32.57946542
30.61205269
32.191435
33.28335868
30.52155784
32.51360383
30.53638538
33.39679374
32.56278423
30.54072467
32.46494864
30.42735278
32.42697028
32.4819722
31.46321754
32.39576035
30.54558246
32.44143315
32.99407216
30.71212774
32.67466562
31.15369701
31.12943496
31.09105867
31.71825343
31.36586031
32.48667051
32.41995379
32.14273774
30.77245936
30.70744755
31.00286056
31.11933361
32.00069188
32.05616724
30.12179065
29.93870861
31.55247929
30.77910891
30.29319012
30.66544945
32.17591513
30.91447426
29.7095285
31.47522519
30.06177263
30.06177263
32.3185834
29.44310077
30.8992592
33.04671071
30.21073796
30.31926153
30.21073579
30.16881123
30.13214936
30.16881156
30.13215345
32.47535439
32.47535368
30.34627587
32.40342934
30.14306459
30.08807069
29.83019316
31.85562145
29.74688922
29.62054291
31.18524087
31.72471428
29.25707367
31.58712153
30.81383689
30.81383689
31.40010068
31.40010068
32.08436191
32.08436191
31.99985711
31.99985711
30.20898437
30.20898437
31.7673963
33.80438387
31.96552518
32.56569057
33.83811955
33.75418374
32.46493091
32.41521329
31.86873384
31.74977292
32.60959576
32.48479426
32.36553891
32.65212074
31.43222327
32.93432773
31.45212389
30.14436417
30.1956372
30.83585116
29.30125333
32.04141437
32.10880138
30.46598117
30.65095562
30.01595347
31.34354532
33.67294788
31.97521232
32.26550299
31.60084322
31.22176949
34.29794158
31.74802104
33.46556795
34.10607451
34.38236464
34.44780343
30.40140541
30.40213037
30.40213037
33.41424412
32.91602562
33.06786997
32.71010847
30.86820301
33.74332741
31.2585214
31.23250766
31.67106417
31.1148054
31.35682574
32.08430581
32.60040553
32.37148101
33.50905449
30.28509623
32.86251327
32.66608872
32.61502804
30.97277997
32.67499187
31.56679617
30.5418736
31.26769316
31.20990537
30.35749066
31.25978845
33.22591357
32.59461081
31.39334546
29.97945109
29.97945109
32.28924358
35.03682447
31.90070761
31.57432601
29.92317964
31.91940381
30.96129468
29.53982425
30.07325755
32.35956189
31.0067001
29.8060351
29.65388355
29.75430189
30.8458946
31.67901115
29.19212217
29.52358277
30.23320305
31.3033206
31.70560222
31.041205
31.041205
31.70560222
29.24444842
30.36714287
30.82079959
30.89466702
30.64806717
30.83415033
31.9262407
31.9262407
28.98967737
28.98967737
29.79377433
29.79377433
30.09083019
30.09083019
31.84557618
31.84557618
31.3311795
31.3311795
29.26431765
30.9338448
30.91127562
33.20696233
31.77428277
33.71235796
29.81653187
29.69236681
29.81641646
32.39599075
34.00075032
30.30927549
30.3101013
30.3101013
33.30899348
32.00546614
33.35548578
31.45055871
30.57822065
30.72598368
31.97945233
33.11689381
33.43758523
31.26490814
30.47940226
33.56845153
32.43208272
30.57169713
33.10816592
33.65729833
31.76832389
31.22927843
31.00209283
31.5146018
32.71806345
34.18223603
31.92130713
33.79172744
31.43362155
30.70538284
30.70538284
31.95652134
31.5606296
34.58146633
33.2695339
31.53930296
33.11497182
31.87982653
34.51329646
30.12732954
33.01183695
30.62338656
33.68812742
30.25739669
31.36204395
31.39322819
31.5194315
31.92220116
32.73312102
33.63491977
29.69055171
29.94591593
30.94203772
32.34280366
32.34846493
31.38268011
30.26288568
31.03933546
33.18774131
31.15613344
31.22296156
31.39504506
31.7548952
32.65114595
33.47055062
29.88704365
29.88704365
32.14763602
30.59642039
30.66298815
31.3735918
31.00261153
33.67665219
31.86445472
32.26681275
32.19086828
30.33524448
30.92888312
31.78077401
32.42381085
31.95947786
31.29386212
31.96391682
32.22737211
32.22737955
30.37410469
30.37410175
29.32384229
30.63703986
30.65225812
30.98180355
30.65818196
32.29335044
31.57325029
30.48090575
30.7934556
29.45790476
28.96373586
30.50757975
31.68728897
29.78627829
31.01539573
30.95650243
30.85249608
31.17390545
31.96188845
29.40407157
30.50088576
30.87337993
30.93004229
31.1144509
31.26749736
32.26649307
29.5386547
30.67725459
33.3153926
31.26838464
31.03309741
32.94720194
32.43310109
30.77412806
30.50185003
32.48915682
31.06321505
30.39337392
30.39337392
32.30270581
31.12317781
31.47351629
30.93759385
31.30204603
33.29896768
30.77157549
30.89897856
30.82128059
31.25559755
31.1170505
31.28345843
31.30549294
31.44114555
31.41366793
32.33229596
32.34585212
32.66048351
30.97806527
30.66659972
30.77674047
31.0681004
31.16008578
29.4080463
30.41168794
31.42060708
30.77323309
32.59060837
31.54605682
31.40352544
31.16989085
31.32642851
29.20607412
29.27531563
30.61808436
30.43542722
31.01980064
29.2292407
28.98254866
30.63704007
32.14077403
30.42982367
31.89539596
32.64121637
31.8932754
32.64439745
33.31554217
31.27047907
29.20216989
30.89012147
31.38344696
34.50354712
29.68749955
29.68749955
30.96278959
30.8024191
31.31527301
32.13027173
30.06830718
29.88993795
31.02605371
31.54190301
29.18232908
29.99928096
30.73692191
34.53872498
31.0703213
29.63556054
29.83214776
29.88404658
29.83214776
29.88404658
31.82840485
31.82840485
33.27239387
31.8762932
31.53412585
32.87645713
30.11744139
31.77032353
33.72367567
29.17613815
29.69852113
32.36494083
31.24330049
30.18389813
30.24467496
30.18389813
29.67869766
32.79392556
31.73864525
31.80317551
31.77683496
32.03597235
32.64551893
32.66049617
29.0170678
29.35687218
30.74874598
31.20891829
29.34656295
30.65079251
30.96674798
31.54355329
31.6442615
31.66434517
31.90658337
32.56748213
32.50934543
28.86109242
29.8432022
29.80929197
29.50939642
31.73154859
30.14876928
31.88305293
32.13608257
29.38938761
30.71021361
29.494418
29.82066153
30.97666857
30.85885228
31.83253625
29.40637388
31.43593756
32.45631296
31.93562785
30.21325378
29.66909989
29.4417327
30.63669228
32.00434905
30.71690482
31.05202048
29.76869416
29.94707292
31.78194665
30.09481662
29.63162132
31.74442573
31.86362291
30.02856367
29.69920839
30.84023736
31.68824073
30.70132966
31.7903274
29.54033077
29.54033077
32.90253819
31.45816305
30.3469833
30.3469833
30.42932292
30.46805269
31.51657942
32.11945339
29.71852861
29.70780109
31.98939697
30.22299493
30.26063513
32.32852674
30.48115492
31.14578071
30.19728093
29.75798668
29.24798468
32.1290838
32.17135874
31.27582261
33.4605297
30.51785064
30.47055075
30.48547696
30.48547696
30.55372341
33.51729336
31.34136106
29.83978298
30.57583045
29.78030187
30.18624613
30.17138067
31.12507696
32.76564715
31.16069838
31.82988618
29.40469385
29.70941589
29.64538749
30.20992939
30.22124418
32.71536552
30.22124418
30.45684042
30.45684042
30.35391051
33.37931934
31.29930334
28.55177303
29.6318103
29.87180082
30.08118134
30.90417996
31.87134231
32.04959051
29.28472208
29.84656358
30.39993642
31.99055612
29.62368408
29.85366716
29.85366716
30.70518474
31.52003485
31.52528491
29.3205363
29.14754681
30.36651017
31.09435967
32.01979676
31.39306172
31.60827733
31.60690089
29.22426495
29.36890034
29.86019174
29.86019174
30.50959943
31.05508802
31.07448885
31.53231753
29.38353238
30.17563151
30.19358488
30.86514778
31.48375818
32.77376187
29.37985102
29.89129366
29.80755798
30.5983227
31.13089514
31.60324551
30.72908715
32.02634459
29.67768426
29.31452524
31.00596683
30.57229553
30.66389758
30.68829578
31.0394832
32.03244407
30.87993956
29.87810412
30.08893347
30.08893347
30.16544795
32.66341074
30.67527813
29.41546957
29.81162817
31.17304182
29.82907995
29.83339848
31.67147488
32.41053518
31.44995919
30.76222202
29.14074934
29.14074934
30.95624056
30.90418098
31.11990387
31.76186416
29.34541805
32.10035108
31.07914183
30.87859958
30.93959437
31.33588299
29.58763926
30.24932369
30.61023155
30.52408423
31.80430546
29.70739956
31.79422204
31.83279512
32.5003676
32.99462069
29.57080654
30.97117938
31.04224664
31.2435454
31.59012016
32.2051105
32.5755286
29.46511861
31.74086138
30.69198886
29.38919901
30.86927928
30.85320622
31.42217363
31.08327791
32.69274933
32.20943443
29.42767495
29.42767495
31.44192123
32.43146701
34.68304521
30.26446769
32.72638302
31.89234646
30.67174406
30.84493572
30.37153744
31.74642908
30.8877
30.42572375
30.15559852
30.16293365
30.62840981
29.36717831
29.75564415
30.75034807
31.20262656
31.69097135
31.31967843
29.20228487
29.27011529
30.59161089
30.64853345
31.23637816
31.21976224
31.24569239
31.39341463
31.46848714
32.25695852
30.93502359
30.73307758
31.63789645
29.89634518
29.89634518
30.02734608
30.02734608
32.18691933
31.5621505
29.50786889
29.15245593
29.68513845
29.68513845
31.42617287
30.15411368
31.06920295
30.54823045
30.93339568
32.3491995
29.58781728
29.23962134
30.50595775
30.99815132
30.6415696
31.10959518
30.32980382
32.4518282
31.44765873
30.55344621
32.98853981
31.24615142
32.02336337
30.97474508
32.39776245
31.19786542
30.89378034
31.04495515
31.35912737
30.66763819
30.73320341
31.19890441
31.09791527
33.02768998
31.93200361
29.03840274
31.41744034
31.26590374
32.50202269
31.73061906
34.21695448
32.32219901
31.24128407
32.08560166
32.0377062
32.87543629
29.95150472
29.44611863
30.02507893
32.94988829
32.05177839
32.8765028
32.87650015
31.67182878
34.74474165
30.70030122
34.88977906
32.54108972
29.82946304
32.61112793
34.18331836
31.21172469
31.85263276
33.95770441
32.98165733
33.27109562
30.80681514
31.5738931
30.5488228
30.91347755
31.27121203
31.04143778
30.37806032
32.67067369
32.01637015
32.01637015
32.1646904
32.1646904
31.44374452
31.44374452
32.68911286
32.68911286
32.90614482
32.90615126
32.44031302
32.44032175
29.2443125
31.35314436
31.35314436
31.64961453
31.64961453
31.10982307
31.10982307
32.58374457
32.58374457
32.76488936
32.76487539
32.47847746
32.47847627
31.51515223
31.51515223
30.44336264
30.44336264
33.90732227
33.05004294
34.32086275
30.57110827
30.57110827
30.71952034
31.69896123
31.2472635
30.84796921
31.48435197
34.27890531
31.94269892
31.29314345
35.35981318
31.37616887
31.37617389
33.05227689
29.61896428
30.31515726
32.94346932
30.09559108
31.98612368
30.49310086
30.49310086
29.65350331
30.26499834
30.236238
30.26499834
31.11839585
32.73256735
32.55824447
30.13978414
30.13978414
30.13978414
30.13978414
31.5044509
31.52689603
32.18316819
31.247996
31.41119479
32.14348979
32.28748558
30.43772748
31.6835619
31.65402369
32.12062715
31.90420781
32.8483621
30.83086592
33.39814311
31.83106033
31.83106033
35.56087312
35.56087312
31.47237321
31.47237321
35.25913482
35.25913482
29.89965527
29.89965527
33.51656206
33.51656206
30.02641689
29.85773698
30.28104357
30.31517645
30.35299469
31.7106623
31.79643491
32.77719042
29.87295505
29.87295505
30.287857
30.287857
30.24762346
31.32227507
31.69847298
31.54974247
32.7582924
29.31311384
29.31311384
31.13828587
31.13828587
32.55757758
32.55757758
31.24491501
31.24491501
29.91225553
29.91225553
33.79701399
33.79701351
31.5998075
31.59980306
32.70709584
32.70709486
30.81532375
30.40800902
31.82011352
32.46442883
31.58989058
29.26669564
37.03541973
37.03015063
33.46609981
32.42662311
30.18722915
30.35279444
31.50758002
29.45660276
32.21451408
31.36897247
31.36261678
30.26635126
30.12936202
30.7304768
30.21629287
31.77989279
30.87702744
30.48276258
29.91571719
30.40046178
31.32626766
32.57343165
31.04300618
31.46766441
32.43232008
31.18361709
30.61535155
32.39034156
31.42732742
30.86638629
29.73983645
32.20638696
29.87403862
31.7514558
29.9552902
31.90650602
31.90650602
29.78654016
29.78654016
29.78654016
29.78654016
32.24800793
32.24800793
29.83916108
30.66481239
29.83916108
30.66481239
31.87263144
29.96899283
29.96899283
31.87263144
29.96899283
29.96899283
31.28678099
31.28678099
31.46377801
31.46377801
31.59312719
31.59312719
32.58383215
32.58383215
32.09267825
32.09267825
29.6230029
29.6230029
31.53175246
31.71237951
31.64292882
32.24362201
32.36282758
32.34967712
29.63781765
30.01894885
31.02605159
31.1259659
31.43723755
31.89243798
32.20218187
29.4859346
29.80497271
33.22276505
33.24400349
31.30094655
31.1730068
31.71277863
30.96732846
30.96732846
29.26581688
29.26581688
34.25954045
33.50297264
31.58986298
32.309564
32.21400753
32.21400977
31.87594703
31.87594996
32.91689774
32.91690472
32.76043113
32.76043037
29.92449638
32.56018531
32.22088893
30.08770312
29.9436495
30.04396741
29.99809002
30.25389757
32.01599894
32.00876212
32.33533301
34.05949304
34.05949304
33.18225269
33.83623097
33.83623097
33.18225269
31.51976257
30.70165107
31.51976257
30.70165107
30.70165107
30.70165107
32.60976974
30.23424241
30.19267964
30.46184931
30.63614595
32.13793438
31.10083524
30.66660117
30.83688337
30.53398901
30.43436912
33.74496658
33.30167025
30.96192036
30.50618404
32.41634011
31.80912843
30.82919837
31.37334121
31.60919131
31.21411622
32.19767745
32.49845459
31.45525193
31.31927713
32.64896035
32.13223713
30.58328465
30.55470264
30.62040813
32.46471857
31.62049184
31.62619157
31.60485826
32.15907761
32.2847558
32.33203893
29.49167291
29.83938778
31.17414475
31.32064248
31.43975428
31.82023988
32.17350411
29.19436227
29.64620449
32.43689642
32.43689642
31.40312582
31.40312582
28.64692344
28.64692344
30.82833606
30.82833602
30.76896463
30.76896644
30.12602121
30.12602376
31.90067361
31.90067172
31.17116977
31.1711671
30.99425444
30.99425615
31.4879573
31.4879573
29.20984787
29.20984787
30.53898664
33.72645069
32.21058093
34.1130428
33.93587139
29.80467117
33.38546124
32.096141
33.79048106
33.71308587
29.66294391
31.93525556
31.80342448
32.36470231
32.6664081
29.17758689
33.44817531
33.44801083
33.44801083
32.14959685
32.15087827
32.1503265
29.38077661
29.37964727
29.38015428
30.68077389
30.68072039
30.6800329
32.514432
31.17725912
30.50458967
30.05117339
30.50458967
31.17725912
31.09851055
36.16115369
36.44660456
31.44522245
31.37920206
31.07172805
29.70388793
31.82376589
31.01124648
30.6983985
30.56722576
30.42668804
30.71475359
30.71475359
30.42668804
30.9411948
30.9411948
30.88270348
30.88270348
30.5420957
30.62814583
30.62814583
30.5420957
31.6547943
32.30367854
31.50868432
31.4192486
31.28363512
31.28363512
31.08216378
31.08216378
31.66605825
31.61472512
31.79414317
32.15754536
32.24533342
32.46523324
29.42597921
29.53097275
31.04456406
31.14012189
31.55991572
31.76653183
32.15230821
29.23845037
29.63829426
30.6107411
30.6107411
31.7540929
31.7540929
29.76096881
29.76096881
32.85460104
30.95678851
30.2723984
29.72009958
30.35998971
32.17169574
32.17169574
31.76458444
31.76458444
32.85149682
32.85149682
30.5951537
32.45927398
32.45927398
30.95293067
30.95293067
29.01494477
31.54641407
31.53321778
33.03180993
31.53321778
31.54641407
29.01494477
34.36076892
31.99902694
28.93460348
31.43427057
31.99902694
31.43427057
28.93460348
31.70240164
31.73854185
31.73854185
32.3716746
32.3716746
32.54899956
29.76037237
29.76037237
31.56860707
31.64295085
31.58959128
32.24800663
32.30281743
32.37456486
29.5333075
29.86188449
30.97172201
31.17428773
31.17428773
32.11196878
32.11196878
29.63252444
29.63252444
31.31979972
31.31979972
31.2455953
31.2455953
32.54386865
32.54386865
31.89270521
31.89270521
32.33194892
32.33194892
33.87349646
33.87349646
30.84504342
30.5098451
30.5098451
30.40838283
30.77088304
30.84461198
32.3791569
30.18794797
30.16943428
30.78681046
32.82509665
31.61124923
31.313234
30.85734989
29.83249911
30.75348583
33.27304075
32.36594707
31.67944395
30.59846652
29.34614283
30.66022581
31.0795408
31.36495362
29.99305954
29.44106525
31.03764565
31.34072328
29.96256922
33.02143696
32.46929599
31.26745047
33.28756404
32.33373794
31.08054122
31.8784571
31.52435022
31.64055788
32.0177165
31.30977847
30.30306568
31.57009225
29.54518598
30.1506612
29.80298639
31.17504001
30.79088415
32.25600658
30.30135963
31.56642848
30.78931498
30.61088497
30.45078121
32.20599385
31.16915868
32.07623129
30.35562972
30.96335846
32.0181868
30.28764103
34.56127387
30.9993777
31.96399262
33.04631169
30.36241001
31.6017331
32.75316934
31.61029485
31.72236273
31.26199212
32.55359666
31.22406579
31.98667999
31.51480457
31.84135228
30.14639752
31.26565253
30.24743664
30.3059826
29.97202629
31.40693014
31.34791474
30.39357403
31.56768612
30.5463264
31.71276493
31.84600723
31.38525739
31.36687632
32.88618345
33.6520863
33.18283678
33.11141856
30.29728534
31.31437145
31.52327569
32.01662937
32.15327745
32.25540257
33.71844419
31.11434374
31.42246287
31.85065613
32.00085595
32.16501581
33.61195613
30.63887453
31.26021568
31.0888503
31.73838518
33.14917272
31.88028501
30.41659532
30.05173377
31.22750894
30.46214028
29.65651857
31.16245597
31.43651153
31.63719338
31.5757733
31.81349184
32.3480612
32.36823958
29.43355815
30.54613602
30.91687352
31.08134584
31.38904939
31.58763247
31.98394312
29.31236656
30.40145567
30.90727803
31.41347504
31.60897183
31.29342448
29.61019785
32.51206593
29.12661228
33.14915082
32.11666985
33.9494433
30.51549348
34.00474027
31.70701355
32.8933607
32.07512823
30.51668359
30.29121808
30.6457851
32.10956369
30.11105283
31.07561872
29.30529243
29.67749384
30.53570344
30.97376105
31.16814328
31.95549759
31.44108743
30.48661322
29.41030907
29.51806482
30.38397798
31.22208497
29.25664767
29.25664767
30.23064782
30.23064782
32.06623695
32.06623695
32.15033068
32.39303287
31.50004721
31.76387389
32.40614776
30.44579298
30.22038764
30.73906189
31.00500929
35.06861384
31.72088477
32.76054293
32.31001479
31.02562315
32.16879092
32.74828668
31.20193855
32.14077678
30.79345662
30.97353742
31.43259633
31.13534592
31.53333102
32.20922014
32.03220831
30.90824248
31.5248619
30.87395061
31.03756006
31.05780791
31.25249323
31.90323144
31.90149961
31.80831287
30.73360733
30.97085357
32.86285606
31.27736302
30.80711788
30.29062204
30.02056366
31.61787275
29.73889876
31.88798083
33.27497574
31.07007003
29.6656373
29.52313979
30.83604445
32.82116074
31.70432236
31.87158441
32.11856658
32.09011053
32.53049795
32.72430941
29.13661844
31.51915854
31.78775826
31.9802529
31.9407287
32.4567767
32.62737578
29.05741587
31.43756525
31.78662157
31.39622279
29.74867698
29.74867698
29.73848319
29.79398752
31.05995807
30.8831225
31.45309376
30.3864141
31.40996032
29.75279195
29.75279195
31.56284049
30.38586887
31.67805544
31.71130039
29.51665589
29.51665589
29.11844997
30.80923565
32.19501673
31.06944662
31.6677716
31.64921406
31.66638162
31.54874032
31.19745676
32.83126087
32.33044758
32.45878938
29.57107082
30.24310603
30.2675374
32.77183858
32.1515535
29.83680551
30.14046849
29.91718796
31.95287578
31.96742728
29.88738848
31.66676957
29.31553424
29.62208803
29.89474169
31.49370331
32.33061854
31.88743016
31.57907647
30.94343047
31.08385827
29.57167019
30.86957773
31.7129362
29.08053022
30.62209011
30.89599473
32.00480075
29.87061972
29.57434436
31.01919566
31.66018381
31.34157197
31.07781601
30.43907408
30.72164701
31.61632312
29.70237307
30.46643162
30.22653023
30.73297118
32.27730065
30.78754081
31.28792045
29.48309007
30.76881175
29.48309007
30.76881175
32.22266523
30.74230348
31.41168634
31.31952952
32.20685165
31.5538099
29.28160069
29.36736694
29.5100607
30.03315883
30.49329849
30.8331886
30.95256329
31.19230394
31.85826492
29.38384009
29.50883672
31.17356714
31.85436269
30.83020505
30.60687012
30.02903252
29.50759757
29.50759757
30.02481215
30.82839551
30.82839551
31.84041839
30.90959468
30.96740629
31.38674676
31.53420331
31.70589988
29.17826367
29.2580374
32.43702054
31.40489389
31.3475517
31.78830363
32.43546732
32.56816437
32.45613123
29.32349107
30.97531601
31.17143162
31.5672182
31.74556924
31.97934802
32.60675998
33.33063697
31.98539134
32.35350271
32.5762343
30.9568629
29.74410245
30.2019372
32.24006867
30.23674582
29.59425692
29.59425692
30.75675778
30.75675778
31.7927293
31.31813754
29.54014528
29.54014528
30.26277008
30.26277008
31.26999325
31.27116003
31.24900447
31.46668673
31.43364633
32.26420552
30.85644855
30.93117007
30.58372949
32.29708414
30.83233724
30.38468182
31.00174298
32.52394222
31.61310842
31.00642357
31.03851835
31.10376758
31.44900923
31.58890585
31.96875901
31.14377497
30.92140344
31.4604286
34.39250956
31.33500168
30.58292358
32.40754106
32.42132767
32.47009184
31.55185812
32.84693236
33.56125821
31.69446653
30.40650299
30.70377998
31.86197966
30.66288561
30.22049461
30.65839215
30.90165173
31.58513199
30.13967303
30.37701295
31.11093887
30.96250538
32.05499101
30.85310492
30.22858075
30.29345007
32.40965687
32.40965357
31.84341265
31.84340537
30.9544603
30.95445389
33.63633001
33.19627846
30.85357287
31.90177116
29.61639245
30.01859868
30.08696154
30.42554555
32.65955015
32.65835119
32.61315584
30.03743334
30.03726068
30.03726068
31.69861728
29.75535949
29.81903083
32.21320931
30.69035892
30.69035892
32.89005029
31.18888118
31.18888118
29.66956283
29.66956283
30.37700476
30.37700476
34.16778932
31.57526216
31.94486134
29.73655716
31.50634804
33.58494296
31.88888069
29.31945788
29.38003935
29.49669381
30.93309161
33.26789116
30.30312473
33.21786438
33.66771591
32.92799009
33.34433853
30.86190711
33.87562563
30.67830747
33.29499915
31.44952288
32.12966374
32.52505983
32.52505983
31.08593054
31.08593054
31.62268172
31.6218615
30.62073135
30.43082275
30.44557487
30.68577389
32.10600932
29.93312533
30.55331499
31.61816262
31.6366569
31.83337797
32.24478774
32.20464466
32.42966735
29.71783501
29.62036226
31.18617031
31.48530791
31.64177012
31.89709431
31.89792265
29.40372229
29.47014533
32.13783736
32.05275803
33.60791484
32.55483073
33.60791484
32.05275803
32.03518643
31.63236319
31.49120697
30.66726021
30.81025074
31.94681197
32.30316402
31.80081923
31.80081923
31.44733705
31.44733705
30.99965744
29.5396442
32.29335436
31.86721046
32.2906433
29.53940107
31.88500782
32.49648691
31.88258417
31.74683015
31.73513374
31.84312447
32.20964197
32.15598813
32.4370373
29.46026614
29.42096932
31.1425557
31.62009965
31.62009965
31.7639747
31.7639747
29.23159661
29.23159661
33.34946961
33.34946961
32.22352917
32.22352917
32.59053167
32.65832789
31.76913529
32.18002618
32.92933391
32.10340007
31.10662101
31.72832791
31.37357112
32.50518713
31.41150018
31.55401743
31.80971349
31.78454018
32.15460027
31.5178489
29.3126451
32.70879221
31.85207413
30.65984255
30.43592172
32.94083264
32.29365885
31.77792824
31.73342898
31.52495604
31.63412198
32.7803082
32.35314218
30.31774545
30.31774545
30.33176213
32.86345935
33.21799902
33.4486165
32.19933882
31.58816925
31.39241533
32.71359776
31.6805778
29.86865892
32.45025855
30.99803933
32.0275898
30.75038911
32.71627943
31.58227249
31.7854964
32.32859045
29.83911022
33.05987878
32.93105782
32.06691814
31.35272754
32.09894092
32.51569395
33.04561025
31.8992913
32.31171255
33.72749137
32.51554305
33.53425686
31.76770833
31.27702543
28.41173311
34.35472835
33.95295368
32.44366426
32.07540459
32.23565451
32.65859623
30.16502632
34.48367764
32.6512045
32.01821022
33.24907263
31.66879228
30.74574605
33.96187763
33.40991533
31.34732273
31.36376118
31.29752272
31.84109313
31.90684875
32.14167585
33.82495305
31.44634971
30.22405244
30.83479539
31.18955179
33.77232681
31.54947395
32.13628358
33.51550519
32.96901751
31.20130108
33.19896747
33.35447937
31.64917297
31.3202346
32.94408492
31.53314041
30.68898213
30.94188033
31.89825816
32.03484978
32.66328936
32.19837973
31.81186803
31.66244605
30.76301632
33.26938791
31.36243931
30.87877327
33.73038018
32.11055094
31.21580396
32.97445751
31.79179679
33.93184236
31.36011643
31.2940551
31.71476369
31.78068234
32.1492204
33.55455541
30.24009854
31.61701642
31.61701642
30.19399311
30.19399311
31.56548423
31.50273078
31.54479154
31.61047507
32.34150129
32.35969579
29.47758369
30.59932148
31.15467052
31.15467052
31.39451909
31.39451909
32.02007879
29.28690325
30.36829173
31.86480897
32.34617265
30.39699045
32.11435301
31.96843424
30.7392931
31.43134319
31.36663813
31.36206001
31.43107344
32.25175477
32.43546308
31.35098068
29.28038448
29.28038448
30.62952093
30.62952093
30.66103138
30.66103138
31.61938165
31.85938038
29.73144959
33.31963789
31.80263535
32.77080775
32.50484548
30.81465988
31.24668869
31.69526908
30.97002082
30.91175935
31.01979633
31.08615105
31.91235902
31.88740358
34.86587549
31.84196632
30.69037743
31.71797984
31.55744679
31.61726907
31.47633354
32.73119901
32.33491724
32.52063214
29.58497092
29.48273022
28.94371001
32.55330382
32.3377162
29.44810791
32.29487789
31.25884581
31.4296613
32.68415019
29.68006231
31.39399714
29.21677631
29.98588783
29.7072579
30.93762357
31.7635944
31.21877863
31.31017968
31.12305159
31.01393775
32.17462583
31.73558596
31.03233647
29.14492477
31.10722376
31.10722376
30.74762914
30.74762914
31.57363908
29.615978
30.13844644
31.72918468
29.54447537
31.73649414
31.32737776
31.32737776
30.91453112
30.91453112
29.99289488
31.08363089
31.08190387
31.39568386
31.39604997
31.74592215
29.13299468
32.46151425
31.19965169
30.52771343
31.39831306
31.18922819
31.35689364
31.30036259
30.97526571
31.04200605
32.46065951
31.82247568
30.61573436
32.08358389
32.47823481
31.3864313
31.57847831
31.51555049
31.54837014
31.61346111
32.36824426
32.36033497
29.320541
30.96333627
30.59756936
31.47157282
31.19715806
32.02292501
31.25701093
31.41530566
33.17852035
33.71187389
31.6376795
32.39867829
31.46376933
33.50034643
32.91918149
31.52274291
31.52274291
30.50276271
30.50276271
33.2236565
30.32838828
30.09336604
31.97198025
30.89067678
30.87345518
30.99917046
31.03219918
30.33706388
32.36483596
31.46956276
31.71125242
31.50275281
31.89628939
31.41661443
35.51182775
35.51182649
29.9276193
30.59554962
30.67808222
32.89881045
31.73367577
28.95293789
31.85873504
32.76236372
29.51346793
35.26011797
31.5375228
31.5375228
32.02798993
32.02798993
29.16990361
29.16990361
30.90382727
30.90382727
30.48473131
30.48473131
31.21804585
30.2415602
30.41306009
33.26747921
31.56680557
31.45900315
33.25514773
33.64698293
31.55811759
30.93992115
33.01086374
35.27835712
31.20944779
31.78618733
34.65385663
31.41802707
33.71241736
31.86272857
31.64517461
32.62499984
32.78855375
31.13292844
31.13292844
28.96813557
33.37238173
32.99751036
32.77034553
31.03114555
34.15973239
32.59042958
29.51875705
32.18949252
31.33039853
31.82666181
32.90031856
31.49006277
32.0229662
31.73333428
32.08609149
32.03818059
33.61205949
31.89869108
30.8323548
31.2298593
32.45897234
31.86347658
31.85316834
31.89120693
30.72320437
32.0393277
30.94852474
31.0614653
29.6383532
28.87415834
31.74948538
31.35776434
31.09762939
32.89374253
29.23597582
32.93508733
31.49678504
28.6427248
31.96709532
31.24289354
31.24289354
31.34719693
32.30593971
31.34819019
31.01933506
31.01028803
31.01933506
31.34819019
32.04615886
33.89184651
31.68042683
36.23584923
30.19738809
31.88133109
33.58827506
31.61164036
35.89847623
30.15051357
31.43720892
32.24729215
31.46218528
33.51863653
30.01311981
31.35640214
31.35640214
32.42086244
32.42086244
30.3680459
30.3680459
30.29363435
32.31047104
31.51639394
30.01462643
30.57895671
31.57717113
33.13538242
31.32949187
32.45283703
33.61859604
31.01967748
31.10162292
31.0198794
31.52884628
30.50900456
31.69583217
33.1392021
32.17661716
31.42866113
32.45455733
32.16639799
31.98032707
31.56248839
32.26503301
32.49105386
30.57353567
31.13157604
