25.68600724
26.73628172
27.73164442
27.72096877
27.72097343
27.90308276
27.86412316
24.04157276
27.72577161
27.72577701
26.3645604
26.33127247
27.27936523
27.27936255
25.3006267
27.97710976
24.66282753
28.03676641
28.03677093
26.45462166
27.25209456
27.28720394
27.10447167
27.26738298
26.61893685
27.35110692
24.44473868
27.804583
24.7263419
28.37031991
24.5371769
24.45498731
28.10646937
25.77928055
28.69121101
24.75701146
24.97225368
24.99940439
24.56514999
25.3997219
25.25031363
28.45741017
24.99271652
24.14108252
25.0526461
26.19634135
26.20894579
24.84861846
26.39706471
26.42825696
24.6033731
25.19129546
25.19129546
25.19067996
25.05270566
25.05189053
25.05267522
28.25485256
25.58745544
28.52654711
27.88762884
24.31253165
27.70387915
26.71370842
24.45989621
24.48536214
28.46942211
25.9773352
25.9773352
25.58872564
25.33769737
25.55274926
24.41310928
27.39754506
27.18549973
27.8183122
26.88188803
28.85529287
23.75635354
28.48479992
27.66505421
25.45587423
27.9783311
26.33885494
26.33885494
27.91895768
27.8019654
28.49211798
25.61606755
25.50880853
25.79549148
28.44897004
28.48851732
25.49313854
25.06055325
24.84446803
27.70034735
24.360551
24.9619821
24.96198188
25.93841248
25.93841248
25.9569673
26.10682799
26.35399777
26.35399777
25.03166385
26.63637647
27.51960037
27.51960037
27.28948959
27.37064682
26.14427531
26.74128908
26.07857807
27.24700082
26.28172756
25.99870736
25.92996745
26.56411977
25.68780374
25.91028708
26.99284503
26.15126114
27.12630928
27.12631492
24.74592955
24.74593243
26.60053413
28.39380084
24.87828016
25.69606462
28.45718035
24.42267473
28.02480984
28.02417682
28.44648032
26.49360783
25.00123457
26.64494069
25.88078448
25.88078448
26.82638639
26.82638639
24.49610659
26.98523544
24.90752317
28.0769075
25.87596535
25.80548031
25.80548031
25.34609881
25.3461013
28.13829556
28.13829556
25.6934829
26.33951006
27.12108664
25.41097128
24.99538736
25.35090268
25.28405559
25.20714208
24.68372806
27.66815084
24.21622022
25.56062634
27.5058774
27.5058774
24.87587359
24.5422735
24.32436603
25.71636931
27.25265256
27.25265256
28.21336705
25.01211235
25.24613615
25.28674495
25.28674495
24.49015998
25.18545278
27.20092874
24.70738942
27.63903332
27.22391546
26.10848349
27.91304586
24.73094331
25.83651972
25.8365213
25.91164433
26.40189428
25.47729056
24.84082897
26.35941276
26.768814
27.35154357
28.21547798
25.3957287
27.78598467
25.6488901
27.94302375
24.62635998
24.63189973
25.68814997
26.35783727
24.5687615
24.66959471
27.91670454
26.79792946
24.6850985
28.02802328
28.15598964
26.27963119
25.03212689
27.77094053
24.96563702
27.46523417
27.79778103
24.5829927
25.11856662
26.88359659
26.37835483
26.2837196
28.17642
25.71010911
25.31573983
26.16426758
26.01427214
27.04022503
28.2544202
25.14811957
24.97135602
26.13263555
27.48165744
24.21693982
25.16409392
25.63160876
27.45107595
24.91421236
25.82038937
27.35231972
25.44885408
25.04008652
24.9962995
26.77133862
27.50256633
27.12926266
26.16268152
26.32287721
27.82887709
26.17452621
26.88126694
28.21669802
26.91992705
26.4607151
24.16880679
28.30367017
26.73888197
26.08575501
25.48674789
24.61489685
24.98969457
26.27190234
25.22896888
27.13665493
25.29796686
25.79138303
25.04023719
27.4170468
26.87129896
26.1230312
24.85412661
28.08055748
25.02319819
25.27083118
26.14770403
26.28215167
25.64608543
26.95382922
26.30424782
26.93203348
25.13460966
26.78945861
26.87666545
26.14810778
26.76758111
26.77013244
25.60785711
26.07496015
26.14200938
27.08095727
26.74841441
27.03242409
26.93143598
25.99294642
26.93997715
26.45399797
25.63162254
26.31080108
27.77641897
24.90600719
25.72528846
25.76097556
25.31462705
25.31462705
27.88356104
27.98983965
27.47967365
27.49011821
27.50966357
25.80859628
25.44510256
25.59058846
25.68193628
25.08111177
25.6919787
27.26640185
25.97444489
24.09301885
25.19700778
27.18622962
27.32715242
24.36952891
25.06356701
24.94798287
26.35425927
26.14980076
26.11262261
25.06044433
25.11862726
25.79394921
26.09542738
25.9297234
24.31853288
24.31853288
24.30377913
26.03565891
27.70553443
25.04849605
24.58158522
24.88683866
26.18578374
27.80666929
25.20366689
24.36396477
26.61844424
25.07981379
28.21186759
24.49035628
25.79241636
28.13062188
28.13062188
28.48698568
26.37882533
26.88041456
26.98012414
26.88041456
26.37882533
26.92548097
26.92548097
24.73798538
24.78481947
25.46319334
27.81682994
27.81682994
26.14486573
26.84778888
25.92590236
26.19430098
26.19430098
26.13114878
25.31173522
25.38978536
24.48968703
24.91761516
26.21345
25.85635803
28.43146727
25.68828476
27.4189018
26.68153038
26.75052453
26.84321043
26.99094474
26.99094474
27.08205977
27.08205977
27.08205977
27.08205977
27.69561516
27.69561516
27.36326044
27.26324115
27.00480875
28.03669251
26.86844184
27.06302226
27.88225114
26.95457164
27.34523935
27.27510174
27.27510174
24.73180564
27.76506279
26.5828099
26.5828099
25.09176086
24.96475223
25.66174264
29.30508434
26.16025507
27.13980863
27.05508588
27.10330302
27.20686164
25.70773257
26.95949253
26.95949253
26.88837486
27.45054213
26.07710028
26.94552003
26.08513839
24.76006839
27.95854536
27.95854536
28.3612561
27.87577879
27.87577879
26.60362047
26.60362047
26.60362047
26.60362047
26.42934448
26.42934448
26.42934448
26.42934448
26.65772651
26.65772651
26.65772651
26.65772651
25.50412201
25.72645024
27.7891018
24.65973259
25.4648765
26.39557944
27.64836606
26.12155738
24.63637042
28.31931941
28.30888783
25.346893
25.04036803
24.33155043
24.84361127
24.84361127
24.83556375
24.99899788
24.67496699
27.90407707
27.90409625
26.57810688
26.94409412
26.51366517
24.79135756
24.90348348
25.92078932
27.17890763
27.25574544
24.87403532
24.87403532
24.7001642
24.86258669
28.27042064
27.29814428
27.63105819
28.28747363
24.60760025
28.15580034
26.25075612
26.25075612
27.23952263
27.23952263
25.07120853
26.09720253
27.0847425
24.85757807
27.43453309
27.73888078
26.13126496
23.94542619
27.5003252
28.20946208
26.63543037
25.51181292
26.87561218
26.01166669
24.8821489
26.50729839
27.65056681
27.96694896
25.84475651
25.79095183
25.34888892
24.98601947
25.92380104
25.84656068
27.77405942
26.60114677
25.41658927
26.97201569
24.7495367
25.57453513
25.54446376
27.31551436
27.79294553
27.10983913
25.83311655
26.99994631
28.11086565
27.81968385
27.43983636
27.54400349
28.10895398
27.77221736
27.40061823
28.40955462
25.80287673
25.90333883
25.90350086
25.90976021
27.2721448
25.57177159
27.46672194
27.95536756
25.92265287
25.71763986
28.12839961
25.19252767
26.30354451
26.32959043
25.3399623
25.45689728
27.47441913
28.38435002
25.6468092
25.89144776
25.47537059
27.48360026
28.30642473
28.07711367
26.34714775
26.39288291
26.16509485
26.71465289
26.57256628
27.26609449
26.3014651
26.30229741
26.1779059
26.30760005
26.28918929
25.79269776
25.84010168
28.07764647
26.11667736
25.01056903
27.32485595
25.89856053
25.10261887
27.49821553
26.60360033
25.88837239
28.08709028
26.79224195
26.32113373
25.79608111
26.59300014
27.40900097
27.29121201
26.31460663
26.93678271
27.75082166
25.79989648
25.90232086
25.55154203
26.21602087
25.88916439
26.9240071
26.24392682
28.03385971
28.0024666
27.65945038
27.99280548
27.66753149
27.6675315
26.20627521
26.56120491
27.87413913
27.63081937
24.71386616
25.77985635
25.43745303
24.85052117
25.87380319
25.75728161
25.60904435
26.06802313
26.64898254
24.57290358
26.00717901
25.85725759
27.70126849
26.7851652
27.41659567
27.75426663
27.75426206
25.77999436
27.85913489
28.20018268
27.38774404
27.69929306
27.39325887
27.81351973
26.40602736
26.19454052
25.396424
27.63551673
25.47355459
25.47355501
26.22664931
26.22664931
28.47526869
28.47526869
25.90512569
26.64181805
24.53433766
25.89115751
26.06480225
27.28085889
27.96131952
27.64368633
27.65848984
27.8673328
25.93510485
27.6531176
28.06703474
25.90316741
26.39412554
27.27721265
27.5975659
27.1299606
27.78100338
26.62705351
25.66428155
28.61498032
27.56792898
27.10101571
27.40201644
27.30207098
27.85881595
27.30207098
24.90645996
28.00278652
28.20136214
27.27477694
27.06272724
27.00902264
26.84057726
27.42740875
27.42740875
26.84057726
27.03238002
26.72320897
26.86010443
26.91188877
27.35763492
26.91188877
26.25227677
27.14214985
26.88765648
26.33461604
26.25329098
26.03078432
27.22353417
27.52648157
27.36888659
27.93493804
26.61820647
27.33485688
27.2668016
25.21604745
25.43313014
27.68825929
26.81302343
26.81302343
26.81302343
26.81302343
27.34741297
27.34741297
26.82328423
27.53591833
25.21752128
27.53591833
28.06416438
27.0530817
27.0530817
26.71049407
25.36980447
25.36980447
25.09071184
25.09071184
24.98280995
24.98280995
24.87685098
26.15684402
26.15684402
24.77982531
27.17803677
27.57087882
28.10493858
27.44607875
25.43178421
27.37835386
27.12332579
27.78159929
27.78159929
25.18725467
25.18725467
28.40508778
28.40508778
24.44611242
26.7385125
26.7385125
26.7386357
26.90641228
26.90641228
26.70016257
26.70016257
27.16061639
27.86160726
27.70957478
24.8579683
27.97043109
24.63817323
28.27602444
24.80518813
24.90615354
26.9897687
24.59545281
26.72117621
27.84225209
28.0505386
25.19021512
27.45807657
24.3233296
25.27352427
25.30076725
25.98301429
24.79180645
24.77474343
24.83125297
27.87590462
28.43726602
28.23659188
24.41390152
27.88659842
28.1099067
27.48244366
24.50851317
27.61325888
24.54246841
24.83663482
25.06149153
24.86727007
24.83053571
27.59584332
25.04875434
24.65133581
27.59267826
24.8522436
25.02567311
24.72035937
27.68211607
24.41762428
25.07430062
27.87380483
27.36941514
24.55695774
24.72142551
27.41836206
24.80687181
27.8133892
24.7387662
27.17654337
27.51803254
25.03087461
24.70086328
27.30387147
27.77257354
24.59786254
24.7484027
26.7956661
27.77760014
27.21393414
27.89781159
27.93652981
27.93652981
27.54823183
27.54823183
24.68186617
24.5506742
28.02924705
24.84541071
24.64091499
26.73548533
27.08336169
26.29670041
25.690656
27.08346093
27.30729807
24.78170258
26.39419058
25.31077232
26.9971521
25.80671434
24.66980103
25.9886749
26.5678631
24.90387868
26.28482527
26.11361853
28.19223128
24.58930558
24.84857935
28.06211096
25.21053087
25.68961175
25.96255995
25.79377674
27.77820298
25.9660958
26.78533947
26.78533947
26.95956621
27.93651443
27.70406066
28.15933711
27.10740411
27.10740411
25.59850129
25.79740265
25.22029573
25.64034375
25.73429788
27.37982549
24.47843941
28.25293099
24.67347293
24.67588049
25.39945076
27.09132083
26.75543442
27.00478602
26.69874154
27.81959955
26.6055279
26.6055279
27.7591874
28.05265388
25.93164035
26.53385484
25.69039059
27.32198368
27.93901349
28.16074786
25.43520864
25.43520864
27.08729118
26.62141366
25.42742802
27.77389675
25.43569301
27.50484693
25.76820135
24.16010486
25.76272115
25.27959378
25.62951674
25.80742523
25.89564524
26.01389112
27.69729621
25.12647687
24.89215508
28.13683065
26.03029019
27.0797292
27.93181718
27.41890188
25.7803853
27.54360279
28.48932816
26.34805614
24.45388882
28.45749682
27.08559437
26.91515955
27.19077965
24.59092746
26.51138749
26.42224582
26.5933618
26.35654995
26.45142276
27.20920039
26.78053435
25.56847294
25.8875223
27.24559618
26.12143856
25.02697163
25.90112324
24.78244656
25.51823119
27.21834884
27.29390264
27.81593147
26.17446031
28.14641627
26.40136809
27.89966749
28.27813888
26.31490951
25.1938569
25.13493018
27.25741796
28.09395883
24.42731008
27.73974684
27.79245798
24.89724943
24.8002651
25.16615843
25.16615843
25.94215406
25.16753588
24.93153672
27.45136023
23.94534992
27.53118446
27.31815313
27.68866997
27.30919052
26.01649375
28.32654437
24.8374
25.25938763
26.84604123
25.6317996
25.6317996
27.37790593
27.37790593
26.24972479
26.999441
26.14650217
25.04863453
26.35086659
27.64621453
27.1883533
25.19839736
25.19838713
25.15984396
27.36318287
27.36318287
27.36318287
27.36318287
27.28794312
27.4709753
27.15930369
27.83136921
27.89398382
27.13986091
27.05350522
27.48018765
24.61453283
25.10183678
27.28308936
27.00997699
27.53309309
26.99093497
27.46564032
26.96065608
27.1262167
27.33776644
27.33795504
27.33795504
26.65939485
26.65933199
26.65843244
25.32479058
26.09954477
27.24609736
27.22217361
25.12202728
25.12202728
27.32232521
25.24394034
27.02207674
27.33926872
27.33926872
26.70799108
24.99123923
27.76270122
27.78817874
27.08040771
27.99884935
27.55465571
24.9410281
23.76219277
25.57189371
26.07578642
25.54811209
28.12352779
28.34128784
25.70694557
25.35867121
28.43898463
26.61574215
25.2698805
26.73044178
26.5788532
25.32431816
26.65973496
26.47665196
24.99365035
26.65480801
26.66017168
25.47010131
26.74398045
26.10630925
27.9028914
27.50551117
27.35747446
27.28678339
25.64125326
24.81723651
27.09988265
27.25477147
27.63332966
24.79757426
26.31779234
28.24977665
27.42277681
25.91606993
25.60752765
27.82414376
27.57058677
24.76695503
26.8940454
26.69036772
27.86690485
28.15337526
26.11934821
26.28479192
27.17407662
26.28159226
27.12996018
28.23682504
25.15276409
25.02880954
24.85429819
28.4341914
25.54155785
25.32040027
28.08667268
25.01765392
27.94642809
24.95663144
27.41443521
27.93412351
24.62487611
26.43739565
27.60414317
27.1161842
27.63551322
27.41720705
26.83466308
25.04372204
27.22679866
27.20070316
25.18748678
26.82875439
26.84948289
26.73885078
24.10584449
28.32992519
28.45809155
27.66884897
27.35481089
27.35299388
27.58043174
27.51303474
24.67086645
26.60603902
27.89216414
26.21948549
25.08081902
27.4816382
28.01599219
28.01599219
27.43139661
27.70502089
26.65980035
27.01677267
26.09303822
26.09303822
26.58470836
27.11552096
27.24113855
25.8276093
27.58535694
26.1056989
24.8110359
27.81791007
24.36956356
28.308374
27.23500351
24.40662892
28.52217979
24.49494732
25.66064323
27.59550788
28.45258749
27.93777473
27.7945566
27.84673074
27.31255217
25.0656041
25.27261711
28.00717625
25.48726095
26.10884362
27.45251983
28.15093141
24.91504902
27.6134509
26.77850908
28.2843086
27.73762547
25.01717518
27.45156742
24.43169544
27.36938335
28.1754463
25.07034729
24.71486648
28.01075481
28.45940751
25.37324311
26.96288418
25.72474341
27.51210162
28.1201006
24.87358258
26.68302318
27.4580276
24.34343851
26.48024366
27.89429221
26.4859154
26.85634925
27.13671682
27.51353682
27.19381017
28.19396686
25.14809112
24.51632872
26.93037513
27.12270466
24.58687532
25.10775559
25.10775724
27.72657023
27.32171347
27.76183539
25.46706019
27.95559575
27.95559575
27.43161498
27.47790764
27.23952822
27.94806598
27.69036705
25.01941443
25.42923489
28.03151962
25.54752887
27.80842595
26.89986395
26.89986395
25.85062025
27.25932195
27.87600732
27.37650976
28.18953933
28.16184363
25.24416661
24.90348083
25.3779622
27.83910481
28.12720985
27.93099146
24.67497134
27.68527629
28.3110428
27.06535556
27.06535556
26.40044986
26.96319288
27.41430329
27.63403438
27.47826142
27.91705405
25.59089338
27.23070542
27.35269956
27.76788086
24.39249353
24.8659576
24.60658336
24.64516882
25.04460953
27.30017087
27.66110495
24.5057362
27.19149609
