21.83961713
22.97170979
22.97171218
21.18972538
21.4741325
21.5258035
22.65471749
20.86597489
21.1032815
20.12617461
21.47339859
21.37493164
21.45580618
22.65800665
20.86268947
22.87102248
21.13972046
21.08066039
21.15026295
21.52756169
22.63419862
21.68752248
23.52395564
22.88726681
20.9301116
22.44416325
21.03711186
22.44416325
22.76033778
22.45945576
21.95817409
22.06659938
22.35459762
22.73189621
23.24350348
22.74406327
20.92444996
21.13016135
22.55847548
21.61472607
21.76044338
21.17735807
21.0527028
21.75670515
20.86970056
21.18002119
22.92346775
21.45166574
23.1488833
21.43892624
22.65635151
23.02018996
21.38909146
22.21147632
20.65773641
22.51583843
23.11789974
21.18324422
21.18206819
21.18223594
21.2216975
22.6756932
20.75033063
22.52808033
22.52808033
21.59893571
22.71264476
21.20305385
21.64763261
22.83243655
22.72041577
20.92448169
22.97896919
22.64850584
22.51948807
23.45781396
21.24136286
21.24136286
20.42052547
20.42052511
20.56385237
21.0724349
22.26477787
22.40484814
23.19520104
22.66289697
21.07417183
22.64121731
20.95653553
21.10935522
21.10935522
23.0052923
20.89611248
20.89611248
22.02084032
21.97977705
21.98956748
21.13073795
22.25399774
20.56812821
22.56172296
21.11617394
21.90267649
22.9781008
22.87605463
21.02977827
19.84823902
22.10052032
20.84807922
21.54811785
22.79238325
21.74953745
21.55170479
21.57609702
21.54983804
22.641728
22.641728
21.68484382
22.86494768
21.92261297
21.73054089
21.54176891
22.8560143
22.70491905
20.95545353
22.66680095
23.03513431
21.39910567
23.95619484
22.46814364
21.70879968
21.83997442
21.85248031
21.85248054
21.47625762
21.47625762
23.30456085
22.83358852
21.15138457
22.14254224
20.86758146
21.94237607
23.42325599
21.94237607
22.35668655
22.35668655
21.02113735
21.02113735
22.61815548
22.39519147
21.12235348
20.99556914
21.73057918
21.73057918
23.38621832
22.99250614
24.08962845
21.48841045
21.37361722
22.64333946
21.24128296
21.24128296
21.27479041
22.81417323
22.54035498
22.75844656
22.75847082
21.56247155
21.56247155
22.83826627
21.87394417
21.8739459
22.49431896
21.29645508
21.29645508
21.60321072
22.80134598
22.80134598
21.74128997
21.74128997
23.34073365
23.34073365
24.34319861
22.61208057
22.2261337
21.96165188
21.96165188
23.43348347
22.68382881
23.83366328
20.98586028
22.78509586
21.66015569
21.47066271
23.43581191
23.19118701
20.86622701
22.70738341
22.10897639
23.2514641
23.2514641
22.94995709
22.95907587
22.71623556
22.05274151
22.05274151
21.70689605
21.12494961
21.37306173
21.19043045
21.52272201
21.27492167
22.37124282
21.08157962
22.37516377
21.08272661
22.37874038
21.08147876
22.3750619
21.07593506
22.6516584
21.07333913
22.56694422
22.56694422
21.13003702
21.13003702
21.04693202
22.63286952
22.62610327
21.10633077
21.87672036
21.7878078
23.34384136
21.92883668
23.39262811
21.9583429
21.47426306
22.61583249
22.0390902
21.69063743
21.83305717
23.94619381
20.41458864
20.95775859
20.95775965
20.82131948
22.07181144
22.33294146
23.43159973
20.85804961
22.75731812
21.84401598
21.92957986
22.09284088
22.68371445
22.7558218
21.07510342
21.3374858
23.10508212
21.43178415
21.60564145
21.41501081
21.35769401
21.38279893
21.42042207
21.73521468
23.13283217
21.51024512
21.97131757
20.71696095
22.9775786
21.4679826
23.18978149
21.26703809
21.4992672
21.7721622
22.79806057
20.87933607
20.65047261
22.31411861
21.66502768
21.49127441
21.49127441
22.46655505
22.41343279
24.08029644
22.41213926
23.19305184
22.64688621
20.96028924
22.98148923
21.51953442
21.20337851
21.54408651
21.17756659
21.17756659
21.63188156
22.04201195
20.44877703
21.6893645
21.68938469
21.07862804
21.32134306
22.17547082
21.66290358
21.69589718
21.27870018
20.62139776
21.41177266
21.41330813
21.40972898
21.41330813
21.40972898
21.41177266
22.47124556
22.91153858
22.65851833
20.99024149
22.63780747
20.9946813
21.63528592
21.63528269
21.77566276
21.59821848
21.53577364
21.84248514
22.91067569
21.5126394
22.66373685
21.07879206
22.6445512
21.11257561
22.50964261
21.11075058
22.50753918
21.14080111
21.92680448
22.64878871
21.51295477
21.79783053
22.3952316
21.21362186
21.56681574
21.3406983
23.00618645
21.52928005
22.97065962
21.52122342
21.1172808
22.53412486
22.51379299
20.82244327
22.32216576
21.37967186
22.32216576
21.84516165
22.91559646
23.10541907
21.67377524
21.67377524
22.8063122
22.8063122
21.63249546
22.96478779
21.50056294
21.36371788
21.55958069
21.51785522
22.61030765
20.9664352
22.20086229
20.89394483
22.28198446
20.87198877
22.58178444
21.11067215
21.00618497
22.48093712
21.07095742
20.96828364
22.20402531
22.44744082
22.4612219
20.83865492
22.76754741
21.2659269
21.78833045
21.02718591
21.9373205
22.61684285
21.07123915
22.36528327
20.92201369
22.38960604
21.079983
22.57861219
21.1050583
22.34788
21.08242075
21.87683074
21.75218601
22.04925259
21.9687862
22.52876786
21.46201294
22.35154936
21.08206698
22.34876252
21.08127852
20.82847168
21.35433667
22.34833122
21.07370322
22.26120497
22.64541883
22.55739282
21.13826805
22.14198328
20.9424341
22.54329341
21.07754161
22.46183258
23.18826334
23.37348289
24.37622486
21.56102946
21.71640138
21.75965963
21.23370299
21.7357235
23.11735296
23.11735296
23.16135359
23.16135359
22.3510397
21.09954668
23.92850297
21.78184887
21.41106965
23.42301548
22.36325073
21.27615941
22.20240451
21.86836633
21.75081689
23.01882366
22.72061416
22.72061416
22.94878443
22.66166123
20.76052775
22.90056996
22.90056996
22.98661337
22.40254997
22.54297124
20.96122234
23.00514988
21.11328987
22.44396871
21.55374466
22.89969281
20.92316907
22.8640911
21.47603113
21.43374494
23.15510511
23.8216708
23.89464845
23.0543476
23.28921653
23.18562837
23.56524913
22.68839612
22.88073684
23.61316818
22.71563801
21.00342255
22.03875159
22.64607495
20.95925997
22.65945128
21.07075932
22.63642321
21.10454372
23.8821959
23.07138489
23.06211813
23.04442078
23.010684
23.02673815
22.77073092
20.7299781
22.38772003
20.89781132
23.1865069
23.38306025
22.93407221
23.37596596
22.74231428
21.08865265
21.07615076
22.53532271
22.53532271
22.82657482
22.43689827
22.73236118
22.73236118
21.71651613
20.89464047
21.08895171
22.46708723
22.41401926
21.79559668
23.01174927
22.26918878
22.96751653
22.96751653
22.18950868
22.18950868
20.71755584
20.71755584
20.76555629
23.18198583
22.40060358
21.81014413
22.94029554
21.16813069
23.47916286
21.47901914
22.03654886
22.02198241
23.20667413
20.75353962
22.53421664
22.0978194
20.90588936
22.90626601
21.13245668
22.33971717
22.33971717
22.6837891
20.82010284
21.28415753
22.73433184
21.01954685
22.84068686
22.84068686
22.51133747
22.50216666
22.41189488
23.19027117
22.66346443
21.07518914
21.08481744
22.42082655
21.07731113
22.92062066
21.47311609
22.9258244
22.9258244
22.0209314
23.21650519
21.53951141
22.87167648
21.64681496
21.64683442
22.57203868
22.01865522
22.07375253
22.14161468
21.26452117
21.28226489
21.28226489
22.4023591
23.1349737
22.30310938
22.3339506
22.89706565
20.84807654
22.07300917
20.97026431
20.95747959
22.68965519
22.38007969
21.07760094
22.29961408
21.78229305
22.38370584
21.0726163
21.79929689
21.31352224
22.10367316
21.28322451
22.75658891
22.52077581
20.99011387
20.86559764
21.16063245
22.35494755
22.28251073
23.67282827
22.03040066
23.06777089
21.98777397
22.87930358
22.31468906
22.26244494
22.15736869
22.39006127
21.07814948
22.14094526
22.69757428
23.82831561
20.6252847
22.65539523
21.91254371
22.57215122
21.06130826
22.86936498
21.42079283
21.38744949
22.86079286
22.85912173
20.68680323
20.69010119
21.75849205
22.81499244
21.47123154
22.13821086
20.45018234
23.04488794
23.04489318
21.89653495
21.49189818
21.75190556
22.92891202
21.81484158
23.23683218
21.38549217
22.00825223
21.88162182
22.00825223
21.88162182
22.00825223
22.00825223
21.88162182
21.88162182
22.71397732
22.43836998
23.22257542
23.20943189
20.76325322
22.56270663
24.28102443
23.35418965
23.35418965
24.14353815
22.85865829
21.43997213
21.37458398
22.95465602
23.30161848
22.93355648
22.21798276
21.98285089
20.72436754
22.45311823
21.87781635
21.16659699
21.99200897
21.70206363
21.70212318
21.33367113
21.62536637
21.67852104
21.67851898
22.08247495
22.04658895
21.6826106
22.97788005
21.52571815
22.58685084
21.07876051
20.7968535
22.46818048
20.87472572
21.18633847
23.68627431
21.36375289
23.63022575
22.88283795
21.50052714
21.20160926
22.84999541
21.0647797
22.86486542
23.13107418
22.47314713
21.06638926
23.9050653
23.9050653
21.72601748
21.71270559
21.51532105
23.27147797
23.0831087
20.78917215
23.10384862
22.73570165
21.66427928
23.09056723
22.7247687
21.43218072
23.09329355
22.49791205
21.61047779
21.83247748
21.23058337
21.46341186
21.50468153
21.5300719
21.55223657
21.5386096
21.51604269
23.97668586
23.09588591
23.09588591
21.71588595
21.71538647
21.82929708
21.54083024
22.87338259
20.21724903
20.60335801
22.73613166
21.18263181
21.05375009
21.77291834
21.77289731
20.85739757
21.4733888
21.21391001
21.56680278
21.21907501
21.79895518
21.73940233
21.70121093
21.55440118
21.10653811
21.5524525
22.61556739
22.31571048
22.57383489
22.57859291
23.15566239
23.15566239
22.90504264
23.16273628
21.39892524
21.67810473
21.69118582
21.89873744
22.45640898
23.2372968
23.23729681
23.2309674
23.23096738
22.76594858
22.76594858
22.7822827
22.75526231
21.7280283
22.45208464
22.54602625
21.86640945
22.76689212
22.74141399
21.91552
21.9009879
22.63642869
22.99732433
22.97713126
21.71645039
22.52726613
21.71419219
21.70419761
21.50842949
23.00849806
23.39889569
22.30562125
23.3547664
24.22239871
22.78021618
23.40275095
22.36139285
22.36245693
21.16676589
21.30278006
22.80031064
22.09931231
22.90605926
22.02760114
21.28654157
21.75494571
21.47709577
21.62892913
21.76167049
21.51437374
21.77191238
21.77191238
21.46084413
21.46084413
20.4079565
20.4079565
21.49529661
21.65992561
21.38806991
21.53547734
21.40910412
21.44140264
21.56656478
21.48549607
21.57346938
21.49524598
23.3130314
21.00047068
22.98162228
20.81559286
20.81559094
22.68562014
22.10368523
21.90422516
21.58467782
21.0540024
21.57326815
21.57326815
22.46638171
22.70519618
21.61307814
21.78771259
21.78771334
21.60219785
21.60219785
21.3602367
21.80685887
20.56471045
20.56471045
22.62798009
22.11955249
23.30740558
21.31508344
21.07115183
22.32139924
22.68880695
21.18198468
21.07649846
21.07649846
23.78151946
23.82565528
21.52516567
22.13792454
21.93543654
21.54401222
20.95828739
22.42781594
22.13629145
22.13629145
21.16565818
21.5358294
22.34350242
22.30993376
21.32966178
21.66132602
21.92261206
21.92261206
21.91390987
21.91380448
21.91380448
21.91390987
21.71460328
22.38170318
22.51244232
20.56704603
22.50545786
21.41606889
21.61690366
22.38281309
22.53933953
24.085907
23.4152107
22.32993043
22.2620052
22.32993043
22.2620052
21.74182292
21.74182292
21.75021079
21.75021079
23.07131516
21.24677629
21.24677629
21.72430858
21.67322053
21.61442739
21.39090254
21.55044316
22.38803029
21.84289286
20.90235665
21.70751189
21.70751189
21.70751261
21.58395468
21.58395468
21.7394521
21.7394521
22.36791684
22.36791726
22.28578858
23.47450185
21.88762779
23.69559905
23.53080246
23.30359448
23.23775457
23.20000835
23.13765472
23.13646474
23.04009363
23.24439891
23.12587848
23.53878143
23.32822774
23.2409955
23.34382906
21.30392744
21.41831725
20.98211137
22.50807045
21.33022424
22.88947849
22.88949537
23.16627921
23.1133325
20.94032069
22.39147045
20.61184058
21.90134311
22.71247134
21.2513782
21.04561018
22.83074174
21.04821236
23.17507459
21.18839043
21.77042082
22.33364806
20.84147389
23.10981792
22.46193687
21.06247626
21.17600693
21.90840204
21.43740653
22.46307232
22.56324316
22.56324316
20.75002323
20.75002323
21.8146843
21.39140039
20.76807616
20.76807616
22.519138
22.519138
21.83712886
21.50092938
21.83707666
21.23595231
22.78950135
21.9613827
21.07869221
21.54191495
21.20822512
22.8146008
21.86683321
21.4362339
21.62260295
21.58645154
22.679426
22.67943598
21.69778992
21.56535996
22.62970601
22.98608383
22.63925132
21.54094453
22.66187104
22.40416376
21.07024494
20.14132736
22.35430594
21.76389183
21.31931584
22.46668804
21.68467615
21.10283088
21.19513791
21.43182701
21.54490236
21.57766798
22.8158394
21.34582784
21.59502697
21.05904218
21.53603063
21.6952315
21.5892427
21.28311718
20.97424079
21.57743191
21.48900214
21.3661708
21.71588691
21.67364154
21.47490466
21.32916412
21.36726872
21.29709326
21.47846407
21.6888158
22.37623612
23.14209057
21.78505513
22.66174772
22.44932809
22.74712537
22.47692625
22.71802736
22.90037128
20.90877549
22.78866582
22.50731806
22.40871657
22.26241147
20.90060592
22.82337982
22.49337235
22.57257867
21.43940546
22.46048717
21.62368159
21.74239117
21.70101145
22.73014876
21.61782165
21.5911724
21.58902634
21.41741298
23.26138637
21.1281679
22.62682627
21.25994473
21.95055318
22.76838492
22.3733695
20.50064583
22.64158823
22.41986314
21.13040738
23.75146364
20.73797789
20.73797925
21.14942354
21.14942354
20.7079052
20.70791244
21.57032645
21.20880415
21.20880415
22.58537958
21.21985293
21.09652411
21.10414845
22.50851225
22.98070371
21.42160986
22.137395
22.137395
21.35812115
21.35812115
24.4666966
21.44305684
21.53859064
21.5975737
24.48954109
23.43459308
23.41414189
21.60914618
20.90129739
21.9850313
22.03743772
21.20495265
22.14777921
22.00413101
21.42160003
21.42160003
23.01305194
23.11897579
21.30181987
23.76253328
20.93533301
22.34048452
22.34048864
22.53552507
22.53552917
20.82714242
20.82713956
22.42129236
22.42129236
23.22233489
21.68977681
24.09726815
23.01495847
23.28544253
21.74030634
24.23067232
23.24959703
23.24983836
20.98537576
21.20094583
21.72349277
23.12218316
23.70195947
20.80559147
20.74878322
20.9699398
21.29809459
21.29809459
23.51877356
23.29556428
23.2955647
23.16729822
23.07883394
23.29278668
23.19880487
23.2306769
21.32657627
22.66972293
20.74825916
22.15444566
20.42480014
21.5300015
21.92202979
21.48162962
22.43251463
20.93345376
21.29240515
20.32724698
22.37424069
22.46394003
20.44156236
22.41291111
21.51370175
22.23404802
21.35068188
23.13764965
20.95681157
21.18220752
21.12263655
21.16731741
22.72119554
21.49342675
22.77475362
22.80352451
21.45298068
20.65028653
22.91223459
21.41046322
21.52329687
21.34756164
23.06476356
21.17991857
20.05917831
21.49071806
22.17989988
21.49406901
22.50091592
20.94979677
20.85129959
21.4214074
23.21542201
21.23602012
21.23413052
21.09697654
21.19932017
21.73543758
21.65758669
21.38665753
22.46121703
21.98384763
20.92297716
22.34368119
23.29415726
23.29414113
22.85641292
20.82009434
21.40430237
22.59556482
22.63413582
22.2721287
22.86745433
21.15201848
20.78837518
22.30596982
22.79503505
20.87792074
21.39991782
22.15588928
21.65967144
20.95813803
23.06744136
20.97090028
21.23330687
22.45000845
22.90472305
22.72705686
22.94118527
22.7842589
22.78425758
21.07211747
21.07211601
22.37590976
22.05827195
21.34029266
21.33540449
21.40527975
21.28553185
22.98437196
21.18684014
21.45158736
21.66039849
21.1625721
22.35121431
22.35121431
21.14736193
22.80673449
21.28747523
22.24533435
21.64926159
21.93433834
21.13079363
21.41564138
21.19468511
22.85813249
21.63649604
21.23546744
23.13107793
21.75228481
23.22599015
21.20250533
21.42446423
21.16314149
22.6963268
20.99140974
20.94726688
21.61887121
22.5974403
22.26018758
22.69036404
20.99241275
21.73811131
21.85454057
22.53833262
20.9992098
22.61914579
22.61914579
21.12924828
21.06579885
22.15309288
22.57060778
21.15364826
20.80561246
22.95927739
21.1284921
22.32460795
22.60611891
21.4823651
22.49992615
21.75922695
22.64990435
22.75360272
22.68857563
22.66929159
20.74202629
22.40352761
21.13087662
20.87710399
22.70596586
23.92714469
22.99699497
23.43247805
22.55297246
20.81963518
22.21587742
24.04936098
21.54879361
21.23668695
22.85520536
23.10054401
21.24175176
22.9165626
21.10941368
19.98176659
21.57160395
21.13746277
21.58990826
22.05684108
21.52442806
22.43987825
21.03274961
23.23471433
23.39807525
23.1635617
